 4000 0.3974318E+04  0.3427024E-20
 4000 0.3958585E+04  0.1172983E-19
 4000 0.3942976E+04  0.1980881E-19
 4000 0.3927490E+04  0.1855858E-19
 4000 0.3912125E+04  0.2468958E-19
 4000 0.3896880E+04  0.2812519E-19
 4000 0.3881754E+04  0.2601922E-19
 4000 0.3866744E+04  0.2876715E-19
 4000 0.3851850E+04  0.2714038E-19
 4000 0.3837070E+04  0.3133113E-19
 4000 0.3822403E+04  0.4024939E-19
 4000 0.3807848E+04  0.4399682E-19
 4000 0.3793403E+04  0.4812339E-19
 4000 0.3779068E+04  0.4937729E-19
 4000 0.3764840E+04  0.5825929E-19
 4000 0.3750719E+04  0.5747276E-19
 4000 0.3736704E+04  0.5757845E-19
 4000 0.3722793E+04  0.6681869E-19
 4000 0.3708985E+04  0.8275671E-19
 4000 0.3695280E+04  0.9303170E-19
 4000 0.3681675E+04  0.9383903E-19
 4000 0.3668170E+04  0.1077406E-18
 4000 0.3654763E+04  0.1168377E-18
 4000 0.3641455E+04  0.1225890E-18
 4000 0.3628243E+04  0.1366507E-18
 4000 0.3615126E+04  0.1397385E-18
 4000 0.3602104E+04  0.1512848E-18
 4000 0.3589175E+04  0.1682285E-18
 4000 0.3576339E+04  0.1899240E-18
 4000 0.3563595E+04  0.2075880E-18
 4000 0.3550941E+04  0.2077468E-18
 4000 0.3538376E+04  0.2145237E-18
 4000 0.3525900E+04  0.2250339E-18
 4000 0.3513512E+04  0.2441986E-18
 4000 0.3501210E+04  0.2673223E-18
 4000 0.3488995E+04  0.2917541E-18
 4000 0.3476864E+04  0.3150935E-18
 4000 0.3464817E+04  0.3234961E-18
 4000 0.3452854E+04  0.3372723E-18
 4000 0.3440972E+04  0.3647458E-18
 4000 0.3429173E+04  0.4029486E-18
 4000 0.3417454E+04  0.4494288E-18
 4000 0.3405814E+04  0.4742278E-18
 4000 0.3394254E+04  0.4955611E-18
 4000 0.3382772E+04  0.5193507E-18
 4000 0.3371368E+04  0.5570132E-18
 4000 0.3360040E+04  0.6164054E-18
 4000 0.3348788E+04  0.6565994E-18
 4000 0.3337611E+04  0.6775162E-18
 4000 0.3326508E+04  0.6811543E-18
 4000 0.3315479E+04  0.7107931E-18
 4000 0.3304523E+04  0.7888964E-18
 4000 0.3293639E+04  0.8578299E-18
 4000 0.3282827E+04  0.8896176E-18
 4000 0.3272085E+04  0.8944963E-18
 4000 0.3261413E+04  0.9543784E-18
 4000 0.3250811E+04  0.1093647E-17
 4000 0.3240278E+04  0.1177017E-17
 4000 0.3229812E+04  0.1199535E-17
 4000 0.3219414E+04  0.1267291E-17
 4000 0.3209083E+04  0.1393719E-17
 4000 0.3198817E+04  0.1488269E-17
 4000 0.3188618E+04  0.1606535E-17
 4000 0.3178483E+04  0.1719204E-17
 4000 0.3168412E+04  0.1806467E-17
 4000 0.3158405E+04  0.1970637E-17
 4000 0.3148461E+04  0.2088745E-17
 4000 0.3138579E+04  0.2236365E-17
 4000 0.3128759E+04  0.2458607E-17
 4000 0.3119001E+04  0.2616103E-17
 4000 0.3109303E+04  0.2834857E-17
 4000 0.3099665E+04  0.3077448E-17
 4000 0.3090087E+04  0.3380755E-17
 4000 0.3080567E+04  0.3782893E-17
 4000 0.3071107E+04  0.4176711E-17
 4000 0.3061704E+04  0.4728102E-17
 4000 0.3052358E+04  0.5203501E-17
 4000 0.3043070E+04  0.5613921E-17
 4000 0.3033838E+04  0.6445462E-17
 4000 0.3024661E+04  0.7301223E-17
 4000 0.3015540E+04  0.7954325E-17
 4000 0.3006474E+04  0.9025161E-17
 4000 0.2997462E+04  0.9822550E-17
 4000 0.2988505E+04  0.1122860E-16
 4000 0.2979600E+04  0.1269176E-16
 4000 0.2970748E+04  0.1431791E-16
 4000 0.2961949E+04  0.1696494E-16
 4000 0.2953202E+04  0.1936113E-16
 4000 0.2944506E+04  0.2346314E-16
 4000 0.2935861E+04  0.2755149E-16
 4000 0.2927267E+04  0.3187887E-16
 4000 0.2918724E+04  0.3892260E-16
 4000 0.2910229E+04  0.4639327E-16
 4000 0.2901785E+04  0.6160577E-16
 6000 0.4244203E+04  0.6661942E-20
 6000 0.4226265E+04  0.1509962E-19
 6000 0.4208479E+04  0.2731469E-19
 6000 0.4190842E+04  0.3634853E-19
 6000 0.4173352E+04  0.3770835E-19
 6000 0.4156008E+04  0.4730608E-19
 6000 0.4138807E+04  0.5948912E-19
 6000 0.4121748E+04  0.6797434E-19
 6000 0.4104829E+04  0.7190621E-19
 6000 0.4088048E+04  0.8045476E-19
 6000 0.4071404E+04  0.8760594E-19
 6000 0.4054895E+04  0.9235353E-19
 6000 0.4038519E+04  0.1019345E-18
 6000 0.4022275E+04  0.1198041E-18
 6000 0.4006161E+04  0.1168763E-18
 6000 0.3990176E+04  0.1108402E-18
 6000 0.3974318E+04  0.1269796E-18
 6000 0.3958585E+04  0.1492780E-18
 6000 0.3942976E+04  0.1613534E-18
 6000 0.3927490E+04  0.1730595E-18
 6000 0.3912125E+04  0.1808748E-18
 6000 0.3896880E+04  0.1886118E-18
 6000 0.3881754E+04  0.1970752E-18
 6000 0.3866744E+04  0.2038574E-18
 6000 0.3851850E+04  0.2132228E-18
 6000 0.3837070E+04  0.2307598E-18
 6000 0.3822403E+04  0.2485312E-18
 6000 0.3807848E+04  0.2517624E-18
 6000 0.3793403E+04  0.2536532E-18
 6000 0.3779068E+04  0.2577746E-18
 6000 0.3764840E+04  0.2767426E-18
 6000 0.3750719E+04  0.2962963E-18
 6000 0.3736704E+04  0.3095254E-18
 6000 0.3722793E+04  0.3173904E-18
 6000 0.3708985E+04  0.3392303E-18
 6000 0.3695280E+04  0.3550202E-18
 6000 0.3681675E+04  0.3660440E-18
 6000 0.3668170E+04  0.3851846E-18
 6000 0.3654763E+04  0.4276165E-18
 6000 0.3641455E+04  0.4608852E-18
 6000 0.3628243E+04  0.4856671E-18
 6000 0.3615126E+04  0.5044754E-18
 6000 0.3602104E+04  0.5237763E-18
 6000 0.3589175E+04  0.5455804E-18
 6000 0.3576339E+04  0.5744217E-18
 6000 0.3563595E+04  0.6004214E-18
 6000 0.3550941E+04  0.6349844E-18
 6000 0.3538376E+04  0.6825784E-18
 6000 0.3525900E+04  0.7212350E-18
 6000 0.3513512E+04  0.7539181E-18
 6000 0.3501210E+04  0.7802244E-18
 6000 0.3488995E+04  0.8081493E-18
 6000 0.3476864E+04  0.8284428E-18
 6000 0.3464817E+04  0.8662288E-18
 6000 0.3452854E+04  0.9072641E-18
 6000 0.3440972E+04  0.9620579E-18
 6000 0.3429173E+04  0.1005518E-17
 6000 0.3417454E+04  0.1070546E-17
 6000 0.3405814E+04  0.1134744E-17
 6000 0.3394254E+04  0.1196874E-17
 6000 0.3382772E+04  0.1228259E-17
 6000 0.3371368E+04  0.1265881E-17
 6000 0.3360040E+04  0.1300177E-17
 6000 0.3348788E+04  0.1382497E-17
 6000 0.3337611E+04  0.1482228E-17
 6000 0.3326508E+04  0.1576368E-17
 6000 0.3315479E+04  0.1629339E-17
 6000 0.3304523E+04  0.1664329E-17
 6000 0.3293639E+04  0.1710773E-17
 6000 0.3282827E+04  0.1783481E-17
 6000 0.3272085E+04  0.1874993E-17
 6000 0.3261413E+04  0.1950791E-17
 6000 0.3250811E+04  0.1997067E-17
 6000 0.3240278E+04  0.2018372E-17
 6000 0.3229812E+04  0.2120926E-17
 6000 0.3219414E+04  0.2292638E-17
 6000 0.3209083E+04  0.2557515E-17
 6000 0.3198817E+04  0.2721289E-17
 6000 0.3188618E+04  0.2786995E-17
 6000 0.3178483E+04  0.2900546E-17
 6000 0.3168412E+04  0.3261419E-17
 6000 0.3158405E+04  0.3364017E-17
 6000 0.3148461E+04  0.3277977E-17
 6000 0.3138579E+04  0.3493957E-17
 6000 0.3128759E+04  0.4047905E-17
 6000 0.3119001E+04  0.4266691E-17
 6000 0.3109303E+04  0.4438038E-17
 6000 0.3099665E+04  0.4668503E-17
 6000 0.3090087E+04  0.5147239E-17
 6000 0.3080567E+04  0.5536035E-17
 6000 0.3071107E+04  0.5768635E-17
 6000 0.3061704E+04  0.6380107E-17
 6000 0.3052358E+04  0.7240462E-17
 6000 0.3043070E+04  0.7787374E-17
 6000 0.3033838E+04  0.8535093E-17
 6000 0.3024661E+04  0.9816854E-17
 6000 0.3015540E+04  0.1057589E-16
 6000 0.3006474E+04  0.1168527E-16
 6000 0.2997462E+04  0.1280251E-16
 6000 0.2988505E+04  0.1399758E-16
 6000 0.2979600E+04  0.1532621E-16
 6000 0.2970748E+04  0.1781409E-16
 6000 0.2961949E+04  0.1954757E-16
 6000 0.2953202E+04  0.2326137E-16
 6000 0.2944506E+04  0.2657828E-16
 6000 0.2935861E+04  0.3184000E-16
 6000 0.2927267E+04  0.3481460E-16
 6000 0.2918724E+04  0.4295606E-16
 6000 0.2910229E+04  0.5078948E-16
 6000 0.2901785E+04  0.6668169E-16
 8000 0.4298939E+04  0.1452519E-19
 8000 0.4280537E+04  0.2528524E-19
 8000 0.4262293E+04  0.3805799E-19
 8000 0.4244203E+04  0.4620401E-19
 8000 0.4226265E+04  0.5834801E-19
 8000 0.4208479E+04  0.7625625E-19
 8000 0.4190842E+04  0.9625464E-19
 8000 0.4173352E+04  0.1166401E-18
 8000 0.4156008E+04  0.1347718E-18
 8000 0.4138807E+04  0.1548585E-18
 8000 0.4121748E+04  0.1763453E-18
 8000 0.4104829E+04  0.1922522E-18
 8000 0.4088048E+04  0.2062685E-18
 8000 0.4071404E+04  0.2182560E-18
 8000 0.4054895E+04  0.2248375E-18
 8000 0.4038519E+04  0.2327211E-18
 8000 0.4022275E+04  0.2418672E-18
 8000 0.4006161E+04  0.2508140E-18
 8000 0.3990176E+04  0.2623382E-18
 8000 0.3974318E+04  0.2728382E-18
 8000 0.3958585E+04  0.2888926E-18
 8000 0.3942976E+04  0.3168721E-18
 8000 0.3927490E+04  0.3481071E-18
 8000 0.3912125E+04  0.3830817E-18
 8000 0.3896880E+04  0.4202288E-18
 8000 0.3881754E+04  0.4515832E-18
 8000 0.3866744E+04  0.4811923E-18
 8000 0.3851850E+04  0.5002404E-18
 8000 0.3837070E+04  0.4993933E-18
 8000 0.3822403E+04  0.4926577E-18
 8000 0.3807848E+04  0.4845768E-18
 8000 0.3793403E+04  0.4809756E-18
 8000 0.3779068E+04  0.4986801E-18
 8000 0.3764840E+04  0.5335469E-18
 8000 0.3750719E+04  0.5747472E-18
 8000 0.3736704E+04  0.6096409E-18
 8000 0.3722793E+04  0.6282238E-18
 8000 0.3708985E+04  0.6472300E-18
 8000 0.3695280E+04  0.6677197E-18
 8000 0.3681675E+04  0.6768054E-18
 8000 0.3668170E+04  0.6924200E-18
 8000 0.3654763E+04  0.7233030E-18
 8000 0.3641455E+04  0.7689986E-18
 8000 0.3628243E+04  0.8354628E-18
 8000 0.3615126E+04  0.8989175E-18
 8000 0.3602104E+04  0.9461041E-18
 8000 0.3589175E+04  0.9818674E-18
 8000 0.3576339E+04  0.9933654E-18
 8000 0.3563595E+04  0.9971900E-18
 8000 0.3550941E+04  0.1016575E-17
 8000 0.3538376E+04  0.1053111E-17
 8000 0.3525900E+04  0.1128846E-17
 8000 0.3513512E+04  0.1231215E-17
 8000 0.3501210E+04  0.1319030E-17
 8000 0.3488995E+04  0.1384877E-17
 8000 0.3476864E+04  0.1407819E-17
 8000 0.3464817E+04  0.1394646E-17
 8000 0.3452854E+04  0.1395515E-17
 8000 0.3440972E+04  0.1419397E-17
 8000 0.3429173E+04  0.1490446E-17
 8000 0.3417454E+04  0.1619375E-17
 8000 0.3405814E+04  0.1740122E-17
 8000 0.3394254E+04  0.1833962E-17
 8000 0.3382772E+04  0.1899177E-17
 8000 0.3371368E+04  0.1916440E-17
 8000 0.3360040E+04  0.1938833E-17
 8000 0.3348788E+04  0.1987046E-17
 8000 0.3337611E+04  0.2064425E-17
 8000 0.3326508E+04  0.2216041E-17
 8000 0.3315479E+04  0.2370245E-17
 8000 0.3304523E+04  0.2448436E-17
 8000 0.3293639E+04  0.2461941E-17
 8000 0.3282827E+04  0.2422240E-17
 8000 0.3272085E+04  0.2472409E-17
 8000 0.3261413E+04  0.2702928E-17
 8000 0.3250811E+04  0.2932295E-17
 8000 0.3240278E+04  0.3023822E-17
 8000 0.3229812E+04  0.2970924E-17
 8000 0.3219414E+04  0.2921703E-17
 8000 0.3209083E+04  0.3119448E-17
 8000 0.3198817E+04  0.3398794E-17
 8000 0.3188618E+04  0.3546768E-17
 8000 0.3178483E+04  0.3761258E-17
 8000 0.3168412E+04  0.4034818E-17
 8000 0.3158405E+04  0.4263461E-17
 8000 0.3148461E+04  0.4571159E-17
 8000 0.3138579E+04  0.4884813E-17
 8000 0.3128759E+04  0.5117225E-17
 8000 0.3119001E+04  0.5236588E-17
 8000 0.3109303E+04  0.5292534E-17
 8000 0.3099665E+04  0.5683610E-17
 8000 0.3090087E+04  0.6257505E-17
 8000 0.3080567E+04  0.6617693E-17
 8000 0.3071107E+04  0.7138749E-17
 8000 0.3061704E+04  0.7742929E-17
 8000 0.3052358E+04  0.8249781E-17
 8000 0.3043070E+04  0.9121333E-17
 8000 0.3033838E+04  0.9979505E-17
 8000 0.3024661E+04  0.1082598E-16
 8000 0.3015540E+04  0.1219431E-16
 8000 0.3006474E+04  0.1333012E-16
 8000 0.2997462E+04  0.1453727E-16
 8000 0.2988505E+04  0.1609567E-16
 8000 0.2979600E+04  0.1697851E-16
 8000 0.2970748E+04  0.1894335E-16
 8000 0.2961949E+04  0.2213795E-16
 8000 0.2953202E+04  0.2471598E-16
 8000 0.2944506E+04  0.2920159E-16
 8000 0.2935861E+04  0.3342169E-16
 8000 0.2927267E+04  0.3644010E-16
 8000 0.2918724E+04  0.4626955E-16
 8000 0.2910229E+04  0.5481402E-16
 8000 0.2901785E+04  0.6331354E-16
12000 0.4393373E+04  0.2230624E-19
12000 0.4374156E+04  0.3813918E-19
12000 0.4355106E+04  0.5188453E-19
12000 0.4336222E+04  0.6313841E-19
12000 0.4317500E+04  0.7664266E-19
12000 0.4298939E+04  0.9058496E-19
12000 0.4280537E+04  0.1075537E-18
12000 0.4262293E+04  0.1307848E-18
12000 0.4244203E+04  0.1607332E-18
12000 0.4226265E+04  0.1925830E-18
12000 0.4208479E+04  0.2149855E-18
12000 0.4190842E+04  0.2318965E-18
12000 0.4173352E+04  0.2545744E-18
12000 0.4156008E+04  0.2798622E-18
12000 0.4138807E+04  0.3087166E-18
12000 0.4121748E+04  0.3444364E-18
12000 0.4104829E+04  0.3789502E-18
12000 0.4088048E+04  0.4071576E-18
12000 0.4071404E+04  0.4291057E-18
12000 0.4054895E+04  0.4527402E-18
12000 0.4038519E+04  0.4876689E-18
12000 0.4022275E+04  0.5255054E-18
12000 0.4006161E+04  0.5628836E-18
12000 0.3990176E+04  0.6038422E-18
12000 0.3974318E+04  0.6359190E-18
12000 0.3958585E+04  0.6594399E-18
12000 0.3942976E+04  0.6871681E-18
12000 0.3927490E+04  0.7181358E-18
12000 0.3912125E+04  0.7576488E-18
12000 0.3896880E+04  0.8045930E-18
12000 0.3881754E+04  0.8423308E-18
12000 0.3866744E+04  0.8714057E-18
12000 0.3851850E+04  0.8991292E-18
12000 0.3837070E+04  0.9332839E-18
12000 0.3822403E+04  0.9794389E-18
12000 0.3807848E+04  0.1017075E-17
12000 0.3793403E+04  0.1039802E-17
12000 0.3779068E+04  0.1066494E-17
12000 0.3764840E+04  0.1092838E-17
12000 0.3750719E+04  0.1111994E-17
12000 0.3736704E+04  0.1127650E-17
12000 0.3722793E+04  0.1140808E-17
12000 0.3708985E+04  0.1161218E-17
12000 0.3695280E+04  0.1184029E-17
12000 0.3681675E+04  0.1210880E-17
12000 0.3668170E+04  0.1268653E-17
12000 0.3654763E+04  0.1336856E-17
12000 0.3641455E+04  0.1381952E-17
12000 0.3628243E+04  0.1421065E-17
12000 0.3615126E+04  0.1465995E-17
12000 0.3602104E+04  0.1522638E-17
12000 0.3589175E+04  0.1591517E-17
12000 0.3576339E+04  0.1646890E-17
12000 0.3563595E+04  0.1698838E-17
12000 0.3550941E+04  0.1762780E-17
12000 0.3538376E+04  0.1820317E-17
12000 0.3525900E+04  0.1878406E-17
12000 0.3513512E+04  0.1932976E-17
12000 0.3501210E+04  0.1977012E-17
12000 0.3488995E+04  0.2043612E-17
12000 0.3476864E+04  0.2120533E-17
12000 0.3464817E+04  0.2187957E-17
12000 0.3452854E+04  0.2263673E-17
12000 0.3440972E+04  0.2327870E-17
12000 0.3429173E+04  0.2387757E-17
12000 0.3417454E+04  0.2465436E-17
12000 0.3405814E+04  0.2529044E-17
12000 0.3394254E+04  0.2594175E-17
12000 0.3382772E+04  0.2671378E-17
12000 0.3371368E+04  0.2736053E-17
12000 0.3360040E+04  0.2834075E-17
12000 0.3348788E+04  0.2962758E-17
12000 0.3337611E+04  0.3091785E-17
12000 0.3326508E+04  0.3254148E-17
12000 0.3315479E+04  0.3385191E-17
12000 0.3304523E+04  0.3434545E-17
12000 0.3293639E+04  0.3457012E-17
12000 0.3282827E+04  0.3458343E-17
12000 0.3272085E+04  0.3511996E-17
12000 0.3261413E+04  0.3665567E-17
12000 0.3250811E+04  0.3810586E-17
12000 0.3240278E+04  0.3950527E-17
12000 0.3229812E+04  0.4081605E-17
12000 0.3219414E+04  0.4159605E-17
12000 0.3209083E+04  0.4310026E-17
12000 0.3198817E+04  0.4488839E-17
12000 0.3188618E+04  0.4611899E-17
12000 0.3178483E+04  0.4825712E-17
12000 0.3168412E+04  0.5057855E-17
12000 0.3158405E+04  0.5228329E-17
12000 0.3148461E+04  0.5446697E-17
12000 0.3138579E+04  0.5717664E-17
12000 0.3128759E+04  0.6220242E-17
12000 0.3119001E+04  0.6868705E-17
12000 0.3109303E+04  0.7241092E-17
12000 0.3099665E+04  0.7583432E-17
12000 0.3090087E+04  0.7963244E-17
12000 0.3080567E+04  0.8014776E-17
12000 0.3071107E+04  0.8128462E-17
12000 0.3061704E+04  0.8529558E-17
12000 0.3052358E+04  0.9258278E-17
12000 0.3043070E+04  0.1057106E-16
12000 0.3033838E+04  0.1172913E-16
12000 0.3024661E+04  0.1267923E-16
12000 0.3015540E+04  0.1402901E-16
12000 0.3006474E+04  0.1499106E-16
12000 0.2997462E+04  0.1610630E-16
12000 0.2988505E+04  0.1782605E-16
12000 0.2979600E+04  0.1879754E-16
12000 0.2970748E+04  0.2079565E-16
12000 0.2961949E+04  0.2416420E-16
12000 0.2953202E+04  0.2671091E-16
12000 0.2944506E+04  0.3098310E-16
12000 0.2935861E+04  0.3517358E-16
12000 0.2927267E+04  0.3842570E-16
12000 0.2918724E+04  0.4862171E-16
12000 0.2910229E+04  0.5658373E-16
12000 0.2901785E+04  0.6394245E-16
