****** Levels
 1.55938333E+16      2.    2  'C IV 2Se 1'  0   0.  0
 1.36586059E+16      6.    2  'C IV 2Po 1'  0   0.  0
 6.51507132E+15      2.    3  'C IV 2Se 2'  0   0.  0
 5.99878726E+15      6.    3  'C IV 2Po 2'  0   0.  0
 5.85443502E+15     10.    3  'C IV 2De 1'  0   0.  0
 3.56227594E+15      2.    4  'C IV 2Se 3'  0   0.  -106
 3.35328229E+15      6.    4  'C IV 2Po 3'  0   0.  -106
 3.29278500E+15     10.    4  'C IV 2De 2'  0   0.  -106
 3.29176494E+15     14.    4  'C IV 2Fo 1'  0   0.  -106
 2.24264281E+15      2.    5  'C IV 2Se 4'  0   0.  -107
 2.13795808E+15      6.    5  'C IV 2Po 4'  0   0.  -107
 2.10721900E+15     10.    5  'C IV 2De 3'  0   0.  -107
 2.10560396E+15     14.    5  'C IV 2Fo 2'  0   0.  -107
 2.10534720E+15     18.    5  'C IV 2Ge 1'  0   0.  -107
 1.54069456E+15      2.    6  'C IV 2Se 5'  0   0.  -108
 1.48093090E+15      6.    6  'C IV 2Po 5'  0   0.  -108
 1.46314383E+15     10.    6  'C IV 2De 4'  0   0.  -108
 1.46217612E+15     14.    6  'C IV 2Fo 3'  0   0.  -108
 1.46207116E+15     18.    6  'C IV 2Ge 2'  0   0.  -108
 1.46207116E+15     22.    6  'C IV 2Ho 1'  0   0.  -108
 1.12334407E+15      2.    7  'C IV 2Se 6'  0   0.  -109
 1.08604892E+15      6.    7  'C IV 2Po 6'  0   0.  -109
 1.07518614E+15     10.    7  'C IV 2De 5'  0   0.  -109
 1.07425588E+15     14.    7  'C IV 2Fo 4'  0   0.  -109
 1.07419682E+15     18.    7  'C IV 2Ge 3'  0   0.  -109
 1.07418374E+15     22.    7  'C IV 2Ho 2'  0   0.  -109
 1.07417998E+15     26.    7  'C IV 2Ie 1'  0   0.  -109
 8.55198386E+14      2.    8  'C IV 2Se 7'  0   0.  -110
 8.30377434E+14      6.    8  'C IV 2Po 7'  0   0.  -110
 8.22890165E+14     10.    8  'C IV 2De 6'  0   0.  -110
 8.22478855E+14     14.    8  'C IV 2Fo 5'  0   0.  -110
 8.22439529E+14     18.    8  'C IV 2Ge 4'  0   0.  -110
 8.22432953E+14     22.    8  'C IV 2Ho 3'  0   0.  -110
 8.22429195E+14     26.    8  'C IV 2Ie 2'  0   0.  -110
 8.22426376E+14     30.    8  'C IV 2Jo 1'  0   0.  -110
 6.50353008E+14    162.    9  'C IV+2__ 1'  0   0.  -110
 5.27233844E+14    200.   10  'C IV+2__ 2'  0   0.  -110
****** Continuum transitions
   1  38   1    105      0      0      0   1.922E-19   0.000E+00
  -0.002   0.222   0.454   0.891   1.276
  -0.190  -0.585  -1.049  -2.106  -3.218
   2  38   1    104      0      0      0   2.772E-19   0.000E+00
  -0.001   0.229   0.599   0.930
  -0.030  -0.725  -1.931  -3.093
   3  38   1    105      0      0      0   3.084E-19   0.000E+00
  -0.005   0.219   0.439   0.916   1.400
   0.021  -0.359  -0.796  -1.817  -2.993
   4  38   1    104      0      0      0   5.091E-19   0.000E+00
   0.002   0.263   0.664   1.051
   0.225  -0.423  -1.542  -2.775
   5  38   1    104      0      0      0   3.390E-19   0.000E+00
   0.001   0.202   0.515   0.780
   0.049  -0.662  -1.852  -2.965
   6  38   1    105      0      0      0   4.609E-19   0.000E+00
   0.002   0.133   0.365   0.938   1.461
   0.183  -0.070  -0.500  -1.662  -2.852
   7  38   1    105      0      0      0   7.655E-19   0.000E+00
  -0.001   0.166   0.532   0.826   1.140
   0.408   0.035  -0.859  -1.655  -2.599
   8  38   1    104      0      0      0   6.781E-19   0.000E+00
   0.001   0.255   0.599   0.915
   0.352  -0.394  -1.556  -2.761
   9  38   1      2      0      0      0   5.928E-19   0.000E+00
   3.000   1.976   1.000   0.000
  10  38   1    104      0      0      0   6.079E-19   0.000E+00
  -0.005   0.500   1.005   1.489
   0.317  -0.641  -1.669  -2.718
  11  38   1    104      0      0      0   1.035E-18   0.000E+00
  -0.005   0.322   0.795   1.215
   0.549  -0.162  -1.338  -2.507
  12  38   1    104      0      0      0   1.023E-18   0.000E+00
   0.002   0.318   0.682   1.085
   0.528  -0.317  -1.444  -2.951
  13  38   1      2      0      0      0   7.412E-19   0.000E+00
   3.000   2.471   1.000   0.000
  14  38   1      2      0      0      0   7.413E-19   0.000E+00
   3.000   2.471   1.000   0.000
  15  38   1    103      0      0      0   7.872E-19   0.000E+00
  -0.002   0.839   1.497
   0.423  -1.232  -2.634
  16  38   1    104      0      0      0   1.320E-18   0.000E+00
  -0.005   0.386   0.827   1.244
   0.655  -0.190  -1.247  -2.380
  17  38   1    104      0      0      0   1.374E-18   0.000E+00
  -0.002   0.411   0.835   1.233
   0.665  -0.382  -1.658  -3.111
  18  38   1      2      0      0      0   8.895E-19   0.000E+00
   3.000   2.965   1.000   0.000
  19  38   1      2      0      0      0   8.895E-19   0.000E+00
   3.000   2.965   1.000   0.000
  20  38   1      2      0      0      0   8.895E-19   0.000E+00
   3.000   2.965   1.000   0.000
  21  38   1    103      0      0      0   9.878E-19   0.000E+00
   0.002   0.746   1.486
   0.514  -0.958  -2.500
  22  38   1    104      0      0      0   1.686E-18   0.000E+00
  -0.002   0.425   0.931   1.365
   0.753  -0.162  -1.359  -2.535
  23  38   1    104      0      0      0   1.684E-18   0.000E+00
  -0.002   0.365   0.838   1.365
   0.753  -0.127  -1.465  -3.305
  24  38   1      2      0      0      0   1.038E-18   0.000E+00
   3.000   3.459   1.000   0.000
  25  38   1      2      0      0      0   1.038E-18   0.000E+00
   3.000   3.459   1.000   0.000
  26  38   1      2      0      0      0   1.038E-18   0.000E+00
   3.000   3.459   1.000   0.000
  27  38   1      2      0      0      0   1.038E-18   0.000E+00
   3.000   3.459   1.000   0.000
  28  38   1    103      0      0      0   1.162E-18   0.000E+00
  -0.002   0.795   1.482
   0.592  -0.993  -2.423
  29  38   1    104      0      0      0   1.982E-18   0.000E+00
  -0.002   0.496   1.041   1.472
   0.824  -0.261  -1.521  -2.690
  30  38   1    105      0      0      0   2.063E-18   0.000E+00
  -0.002   0.425   0.870   1.226   1.472
   0.842  -0.153  -1.368  -2.521  -3.463
  31  38   1      2      0      0      0   1.186E-18   0.000E+00
   3.000   3.953   1.000   0.000
  32  38   1      2      0      0      0   1.186E-18   0.000E+00
   3.000   3.953   1.000   0.000
  33  38   1      2      0      0      0   1.186E-18   0.000E+00
   3.000   3.953   1.000   0.000
  34  38   1      2      0      0      0   1.186E-18   0.000E+00
   3.000   3.954   1.000   0.000
  35  38   1      2      0      0      0   1.186E-18   0.000E+00
   3.000   3.953   1.000   0.000
  36  38   1    102      0      0      0   8.576E-20   0.000E+00
  -0.006   1.577
  -0.528  -4.498
  37  38   1    104      0      0      0   6.948E-20   0.000E+00
   0.003   0.505   1.075   1.662
  -0.643  -2.042  -3.512  -4.877
*** Line transitions
   1   2  -1   0   1      0      0   2.855E-01   7.000E-01
  F  1  7  0.  0.
   1   3   0   0   4      0      0   0.000E+00   5.000E-02
   1   4  -1   0   1      0      0   2.030E-01   2.000E-01
  F  1  7  0.  0.
   1   5   0   0   4      0      0   0.000E+00   5.000E-02
   1   6   0   0   4      0      0   0.000E+00   5.000E-02
   1   7  -1   0   1      0      0   6.100E-02   2.000E-01
  F  1  7  0.  0.
   1   8   0   0   4      0      0   0.000E+00   5.000E-02
   1   9   0   0   4      0      0   0.000E+00   5.000E-02
   1  10   0   0   4      0      0   0.000E+00   5.000E-02
   1  11  -1   0   1      0      0   2.705E-02   2.000E-01
  F  1  7  0.  0.
   1  12   0   0   4      0      0   0.000E+00   5.000E-02
   1  13   0   0   4      0      0   0.000E+00   5.000E-02
   1  14   0   0   4      0      0   0.000E+00   5.000E-02
   1  15   0   0   4      0      0   0.000E+00   5.000E-02
   1  16  -1   0   1      0      0   1.450E-02   2.000E-01
  F  1  7  0.  0.
   1  17   0   0   4      0      0   0.000E+00   5.000E-02
   1  18   0   0   4      0      0   0.000E+00   5.000E-02
   1  19   0   0   4      0      0   0.000E+00   5.000E-02
   1  20   0   0   4      0      0   0.000E+00   5.000E-02
   1  21   0   0   4      0      0   0.000E+00   5.000E-02
   1  22  -1   0   1      0      0   8.700E-03   2.000E-01
  F  1  7  0.  0.
   1  23   0   0   4      0      0   0.000E+00   5.000E-02
   1  24   0   0   4      0      0   0.000E+00   5.000E-02
   1  25   0   0   4      0      0   0.000E+00   5.000E-02
   1  26   0   0   4      0      0   0.000E+00   5.000E-02
   1  27   0   0   4      0      0   0.000E+00   5.000E-02
   1  28   0   0   4      0      0   0.000E+00   5.000E-02
   1  29  -1   0   1      0      0   5.650E-03   2.000E-01
  F  1  7  0.  0.
   1  30   0   0   4      0      0   0.000E+00   5.000E-02
   1  31   0   0   4      0      0   0.000E+00   5.000E-02
   1  32   0   0   4      0      0   0.000E+00   5.000E-02
   1  33   0   0   4      0      0   0.000E+00   5.000E-02
   1  34   0   0   4      0      0   0.000E+00   5.000E-02
   1  35   0   0   4      0      0   0.000E+00   5.000E-02
   1  36  -1   0   1      0      0   3.900E-03   2.000E-01
  F  1  7  0.  0.
   1  37  -1   0   1      0      0   2.800E-03   2.000E-01
  F  1  7  0.  0.
   2   3  -1   0   1      0      0   3.750E-02   2.000E-01
  F  1  7  0.  0.
   2   4   0   0   4      0      0   0.000E+00   5.000E-02
   2   5  -1   0   1      0      0   6.467E-01   2.000E-01
  F  1  7  0.  0.
   2   6  -1   0   1      0      0   7.017E-03   2.000E-01
  F  1  7  0.  0.
   2   7   0   0   4      0      0   0.000E+00   5.000E-02
   2   8  -1   0   1      0      0   1.225E-01   2.000E-01
  F  1  7  0.  0.
   2   9   0   0   4      0      0   0.000E+00   5.000E-02
   2  10  -1   0   1      0      0   2.650E-03   2.000E-01
  F  1  7  0.  0.
   2  11   0   0   4      0      0   0.000E+00   5.000E-02
   2  12  -1   0   1      0      0   4.583E-02   2.000E-01
  F  1  7  0.  0.
   2  13   0   0   4      0      0   0.000E+00   5.000E-02
   2  14   0   0   4      0      0   0.000E+00   5.000E-02
   2  15  -1   0   1      0      0   1.317E-03   2.000E-01
  F  1  7  0.  0.
   2  16   0   0   4      0      0   0.000E+00   5.000E-02
   2  17  -1   0   1      0      0   2.267E-02   2.000E-01
  F  1  7  0.  0.
   2  18   0   0   4      0      0   0.000E+00   5.000E-02
   2  19   0   0   4      0      0   0.000E+00   5.000E-02
   2  20   0   0   4      0      0   0.000E+00   5.000E-02
   2  21  -1   0   1      0      0   7.583E-04   2.000E-01
  F  1  7  0.  0.
   2  22   0   0   4      0      0   0.000E+00   5.000E-02
   2  23  -1   0   1      0      0   1.302E-02   2.000E-01
  F  1  7  0.  0.
   2  24   0   0   4      0      0   0.000E+00   5.000E-02
   2  25   0   0   4      0      0   0.000E+00   5.000E-02
   2  26   0   0   4      0      0   0.000E+00   5.000E-02
   2  27   0   0   4      0      0   0.000E+00   5.000E-02
   2  28  -1   0   1      0      0   4.800E-04   2.000E-01
  F  1  7  0.  0.
   2  29   0   0   4      0      0   0.000E+00   5.000E-02
   2  30  -1   0   1      0      0   8.233E-03   2.000E-01
  F  1  7  0.  0.
   2  31   0   0   4      0      0   0.000E+00   5.000E-02
   2  32   0   0   4      0      0   0.000E+00   5.000E-02
   2  33   0   0   4      0      0   0.000E+00   5.000E-02
   2  34   0   0   4      0      0   0.000E+00   5.000E-02
   2  35   0   0   4      0      0   0.000E+00   5.000E-02
   2  36  -1   0   1      0      0   5.873E-03   2.000E-01
  F  1  7  0.  0.
   2  37  -1   0   1      0      0   4.163E-03   2.000E-01
  F  1  7  0.  0.
   3   4  -1   0   1      0      0   4.800E-01   7.000E-01
  F  1  7  0.  0.
   3   5   0   0   4      0      0   0.000E+00   5.000E-02
   3   6   0   0   4      0      0   0.000E+00   5.000E-02
   3   7  -1   0   1      0      0   2.035E-01   2.000E-01
  F  1  7  0.  0.
   3   8   0   0   4      0      0   0.000E+00   5.000E-02
   3   9   0   0   4      0      0   0.000E+00   5.000E-02
   3  10   0   0   4      0      0   0.000E+00   5.000E-02
   3  11  -1   0   1      0      0   6.550E-02   2.000E-01
  F  1  7  0.  0.
   3  12   0   0   4      0      0   0.000E+00   5.000E-02
   3  13   0   0   4      0      0   0.000E+00   5.000E-02
   3  14   0   0   4      0      0   0.000E+00   5.000E-02
   3  15   0   0   4      0      0   0.000E+00   5.000E-02
   3  16  -1   0   1      0      0   3.045E-02   2.000E-01
  F  1  7  0.  0.
   3  17   0   0   4      0      0   0.000E+00   5.000E-02
   3  18   0   0   4      0      0   0.000E+00   5.000E-02
   3  19   0   0   4      0      0   0.000E+00   5.000E-02
   3  20   0   0   4      0      0   0.000E+00   5.000E-02
   3  21   0   0   4      0      0   0.000E+00   5.000E-02
   3  22  -1   0   1      0      0   1.695E-02   2.000E-01
  F  1  7  0.  0.
   3  23   0   0   4      0      0   0.000E+00   5.000E-02
   3  24   0   0   4      0      0   0.000E+00   5.000E-02
   3  25   0   0   4      0      0   0.000E+00   5.000E-02
   3  26   0   0   4      0      0   0.000E+00   5.000E-02
   3  27   0   0   4      0      0   0.000E+00   5.000E-02
   3  28   0   0   4      0      0   0.000E+00   5.000E-02
   3  29  -1   0   1      0      0   1.050E-02   2.000E-01
  F  1  7  0.  0.
   3  30   0   0   4      0      0   0.000E+00   5.000E-02
   3  31   0   0   4      0      0   0.000E+00   5.000E-02
   3  32   0   0   4      0      0   0.000E+00   5.000E-02
   3  33   0   0   4      0      0   0.000E+00   5.000E-02
   3  34   0   0   4      0      0   0.000E+00   5.000E-02
   3  35   0   0   4      0      0   0.000E+00   5.000E-02
   3  36  -1   0   1      0      0   7.000E-03   2.000E-01
  F  1  7  0.  0.
   3  37  -1   0   1      0      0   4.930E-03   2.000E-01
  F  1  7  0.  0.
   4   5  -1   0   1      0      0   6.083E-02   7.000E-01
  F  1  7  0.  0.
   4   6  -1   0   1      0      0   8.133E-02   2.000E-01
  F  1  7  0.  0.
   4   7   0   0   4      0      0   0.000E+00   5.000E-02
   4   8  -1   0   1      0      0   5.400E-01   2.000E-01
  F  1  7  0.  0.
   4   9   0   0   4      0      0   0.000E+00   5.000E-02
   4  10  -1   0   1      0      0   1.555E-02   2.000E-01
  F  1  7  0.  0.
   4  11   0   0   4      0      0   0.000E+00   5.000E-02
   4  12  -1   0   1      0      0   1.320E-01   2.000E-01
  F  1  7  0.  0.
   4  13   0   0   4      0      0   0.000E+00   5.000E-02
   4  14   0   0   4      0      0   0.000E+00   5.000E-02
   4  15  -1   0   1      0      0   6.017E-03   2.000E-01
  F  1  7  0.  0.
   4  16   0   0   4      0      0   0.000E+00   5.000E-02
   4  17  -1   0   1      0      0   5.483E-02   2.000E-01
  F  1  7  0.  0.
   4  18   0   0   4      0      0   0.000E+00   5.000E-02
   4  19   0   0   4      0      0   0.000E+00   5.000E-02
   4  20   0   0   4      0      0   0.000E+00   5.000E-02
   4  21  -1   0   1      0      0   3.050E-03   2.000E-01
  F  1  7  0.  0.
   4  22   0   0   4      0      0   0.000E+00   5.000E-02
   4  23  -1   0   1      0      0   2.883E-02   2.000E-01
  F  1  7  0.  0.
   4  24   0   0   4      0      0   0.000E+00   5.000E-02
   4  25   0   0   4      0      0   0.000E+00   5.000E-02
   4  26   0   0   4      0      0   0.000E+00   5.000E-02
   4  27   0   0   4      0      0   0.000E+00   5.000E-02
   4  28  -1   0   1      0      0   1.783E-03   2.000E-01
  F  1  7  0.  0.
   4  29   0   0   4      0      0   0.000E+00   5.000E-02
   4  30  -1   0   1      0      0   1.717E-02   2.000E-01
  F  1  7  0.  0.
   4  31   0   0   4      0      0   0.000E+00   5.000E-02
   4  32   0   0   4      0      0   0.000E+00   5.000E-02
   4  33   0   0   4      0      0   0.000E+00   5.000E-02
   4  34   0   0   4      0      0   0.000E+00   5.000E-02
   4  35   0   0   4      0      0   0.000E+00   5.000E-02
   4  36  -1   0   1      0      0   1.237E-02   2.000E-01
  F  1  7  0.  0.
   4  37  -1   0   1      0      0   8.558E-03   2.000E-01
  F  1  7  0.  0.
   5   6   0   0   4      0      0   0.000E+00   5.000E-02
   5   7  -1   0   1      0      0   1.660E-02   2.000E-01
  F  1  7  0.  0.
   5   8   0   0   4      0      0   0.000E+00   5.000E-02
   5   9  -1   0   1      0      0   1.097E+00   2.000E-01
  F  1  7  0.  0.
   5  10   0   0   4      0      0   0.000E+00   5.000E-02
   5  11  -1   0   1      0      0   3.200E-03   2.000E-01
  F  1  7  0.  0.
   5  12   0   0   4      0      0   0.000E+00   5.000E-02
   5  13  -1   0   1      0      0   1.795E-01   2.000E-01
  F  1  7  0.  0.
   5  14   0   0   4      0      0   0.000E+00   5.000E-02
   5  15   0   0   4      0      0   0.000E+00   5.000E-02
   5  16  -1   0   1      0      0   1.210E-03   2.000E-01
  F  1  7  0.  0.
   5  17   0   0   4      0      0   0.000E+00   5.000E-02
   5  18  -1   0   1      0      0   6.454E-02   2.000E-01
  F  1  7  0.  0.
   5  19   0   0   4      0      0   0.000E+00   5.000E-02
   5  20   0   0   4      0      0   0.000E+00   5.000E-02
   5  21   0   0   4      0      0   0.000E+00   5.000E-02
   5  22  -1   0   1      0      0   6.030E-04   2.000E-01
  F  1  7  0.  0.
   5  23   0   0   4      0      0   0.000E+00   5.000E-02
   5  24  -1   0   1      0      0   3.152E-02   2.000E-01
  F  1  7  0.  0.
   5  25   0   0   4      0      0   0.000E+00   5.000E-02
   5  26   0   0   4      0      0   0.000E+00   5.000E-02
   5  27   0   0   4      0      0   0.000E+00   5.000E-02
   5  28   0   0   4      0      0   0.000E+00   5.000E-02
   5  29  -1   0   1      0      0   3.500E-04   2.000E-01
  F  1  7  0.  0.
   5  30   0   0   4      0      0   0.000E+00   5.000E-02
   5  31  -1   0   1      0      0   1.810E-02   2.000E-01
  F  1  7  0.  0.
   5  32   0   0   4      0      0   0.000E+00   5.000E-02
   5  33   0   0   4      0      0   0.000E+00   5.000E-02
   5  34   0   0   4      0      0   0.000E+00   5.000E-02
   5  35   0   0   4      0      0   0.000E+00   5.000E-02
   5  36  -1   0   1      0      0   1.171E-02   2.000E-01
  F  1  7  0.  0.
   5  37  -1   0   1      0      0   7.956E-03   2.000E-01
  F  1  7  0.  0.
   6   7  -1   0   1      0      0   6.600E-01   7.000E-01
  F  1  7  0.  0.
   6   8   0   0   4      0      0   0.000E+00   5.000E-02
   6   9   0   0   4      0      0   0.000E+00   5.000E-02
   6  10   0   0   4      0      0   0.000E+00   5.000E-02
   6  11  -1   0   1      0      0   2.145E-01   2.000E-01
  F  1  7  0.  0.
   6  12   0   0   4      0      0   0.000E+00   5.000E-02
   6  13   0   0   4      0      0   0.000E+00   5.000E-02
   6  14   0   0   4      0      0   0.000E+00   5.000E-02
   6  15   0   0   4      0      0   0.000E+00   5.000E-02
   6  16  -1   0   1      0      0   7.050E-02   2.000E-01
  F  1  7  0.  0.
   6  17   0   0   4      0      0   0.000E+00   5.000E-02
   6  18   0   0   4      0      0   0.000E+00   5.000E-02
   6  19   0   0   4      0      0   0.000E+00   5.000E-02
   6  20   0   0   4      0      0   0.000E+00   5.000E-02
   6  21   0   0   4      0      0   0.000E+00   5.000E-02
   6  22  -1   0   1      0      0   3.345E-02   2.000E-01
  F  1  7  0.  0.
   6  23   0   0   4      0      0   0.000E+00   5.000E-02
   6  24   0   0   4      0      0   0.000E+00   5.000E-02
   6  25   0   0   4      0      0   0.000E+00   5.000E-02
   6  26   0   0   4      0      0   0.000E+00   5.000E-02
   6  27   0   0   4      0      0   0.000E+00   5.000E-02
   6  28   0   0   4      0      0   0.000E+00   5.000E-02
   6  29  -1   0   1      0      0   1.900E-02   2.000E-01
  F  1  7  0.  0.
   6  30   0   0   4      0      0   0.000E+00   5.000E-02
   6  31   0   0   4      0      0   0.000E+00   5.000E-02
   6  32   0   0   4      0      0   0.000E+00   5.000E-02
   6  33   0   0   4      0      0   0.000E+00   5.000E-02
   6  34   0   0   4      0      0   0.000E+00   5.000E-02
   6  35   0   0   4      0      0   0.000E+00   5.000E-02
   6  36  -1   0   1      0      0   1.200E-02   2.000E-01
  F  1  7  0.  0.
   6  37  -1   0   1      0      0   8.100E-03   2.000E-01
  F  1  7  0.  0.
   7   8  -1   0   1      0      0   1.082E-01   7.000E-01
  F  1  7  0.  0.
   7   9   0   0   4      0      0   0.000E+00   5.000E-02
   7  10  -1   0   1      0      0   1.277E-01   2.000E-01
  F  1  7  0.  0.
   7  11   0   0   4      0      0   0.000E+00   5.000E-02
   7  12  -1   0   1      0      0   5.133E-01   2.000E-01
  F  1  7  0.  0.
   7  13   0   0   4      0      0   0.000E+00   5.000E-02
   7  14   0   0   4      0      0   0.000E+00   5.000E-02
   7  15  -1   0   1      0      0   2.450E-02   2.000E-01
  F  1  7  0.  0.
   7  16   0   0   4      0      0   0.000E+00   5.000E-02
   7  17  -1   0   1      0      0   1.358E-01   2.000E-01
  F  1  7  0.  0.
   7  18   0   0   4      0      0   0.000E+00   5.000E-02
   7  19   0   0   4      0      0   0.000E+00   5.000E-02
   7  20   0   0   4      0      0   0.000E+00   5.000E-02
   7  21  -1   0   1      0      0   9.583E-03   2.000E-01
  F  1  7  0.  0.
   7  22   0   0   4      0      0   0.000E+00   5.000E-02
   7  23  -1   0   1      0      0   5.900E-02   2.000E-01
  F  1  7  0.  0.
   7  24   0   0   4      0      0   0.000E+00   5.000E-02
   7  25   0   0   4      0      0   0.000E+00   5.000E-02
   7  26   0   0   4      0      0   0.000E+00   5.000E-02
   7  27   0   0   4      0      0   0.000E+00   5.000E-02
   7  28  -1   0   1      0      0   4.917E-03   2.000E-01
  F  1  7  0.  0.
   7  29   0   0   4      0      0   0.000E+00   5.000E-02
   7  30  -1   0   1      0      0   3.200E-02   2.000E-01
  F  1  7  0.  0.
   7  31   0   0   4      0      0   0.000E+00   5.000E-02
   7  32   0   0   4      0      0   0.000E+00   5.000E-02
   7  33   0   0   4      0      0   0.000E+00   5.000E-02
   7  34   0   0   4      0      0   0.000E+00   5.000E-02
   7  35   0   0   4      0      0   0.000E+00   5.000E-02
   7  36  -1   0   1      0      0   2.242E-02   2.000E-01
  F  1  7  0.  0.
   7  37  -1   0   1      0      0   1.488E-02   2.000E-01
  F  1  7  0.  0.
   8   9   0   0   1      0      0   0.000E+00   7.000E-01
   8  10   0   0   4      0      0   0.000E+00   5.000E-02
   8  11  -1   0   1      0      0   4.040E-02   2.000E-01
  F  1  7  0.  0.
   8  12   0   0   4      0      0   0.000E+00   5.000E-02
   8  13  -1   0   1      0      0   1.344E+00   2.000E-01
  F  1  7  0.  0.
   8  14   0   0   4      0      0   0.000E+00   5.000E-02
   8  15   0   0   4      0      0   0.000E+00   5.000E-02
   8  16  -1   0   1      0      0   8.110E-03   2.000E-01
  F  1  7  0.  0.
   8  17   0   0   4      0      0   0.000E+00   5.000E-02
   8  18  -1   0   1      0      0   2.117E-01   2.000E-01
  F  1  7  0.  0.
   8  19   0   0   4      0      0   0.000E+00   5.000E-02
   8  20   0   0   4      0      0   0.000E+00   5.000E-02
   8  21   0   0   4      0      0   0.000E+00   5.000E-02
   8  22  -1   0   1      0      0   3.120E-03   2.000E-01
  F  1  7  0.  0.
   8  23   0   0   4      0      0   0.000E+00   5.000E-02
   8  24  -1   0   1      0      0   7.484E-02   2.000E-01
  F  1  7  0.  0.
   8  25   0   0   4      0      0   0.000E+00   5.000E-02
   8  26   0   0   4      0      0   0.000E+00   5.000E-02
   8  27   0   0   4      0      0   0.000E+00   5.000E-02
   8  28   0   0   4      0      0   0.000E+00   5.000E-02
   8  29  -1   0   1      0      0   1.580E-03   2.000E-01
  F  1  7  0.  0.
   8  30   0   0   4      0      0   0.000E+00   5.000E-02
   8  31  -1   0   1      0      0   3.630E-02   2.000E-01
  F  1  7  0.  0.
   8  32   0   0   4      0      0   0.000E+00   5.000E-02
   8  33   0   0   4      0      0   0.000E+00   5.000E-02
   8  34   0   0   4      0      0   0.000E+00   5.000E-02
   8  35   0   0   4      0      0   0.000E+00   5.000E-02
   8  36  -1   0   1      0      0   2.174E-02   2.000E-01
  F  1  7  0.  0.
   8  37  -1   0   1      0      0   1.383E-02   2.000E-01
  F  1  7  0.  0.
   9  10   0   0   4      0      0   0.000E+00   5.000E-02
   9  11   0   0   4      0      0   0.000E+00   5.000E-02
   9  12  -1   0   1      0      0   1.344E+00   2.000E-01
  F  1  7  0.  0.
   9  13   0   0   4      0      0   0.000E+00   5.000E-02
   9  14  -1   0   1      0      0   1.344E+00   2.000E-01
  F  1  7  0.  0.
   9  15   0   0   4      0      0   0.000E+00   5.000E-02
   9  16   0   0   4      0      0   0.000E+00   5.000E-02
   9  17  -1   0   1      0      0   2.117E-01   2.000E-01
  F  1  7  0.  0.
   9  18   0   0   4      0      0   0.000E+00   5.000E-02
   9  19  -1   0   1      0      0   2.117E-01   2.000E-01
  F  1  7  0.  0.
   9  20   0   0   4      0      0   0.000E+00   5.000E-02
   9  21   0   0   4      0      0   0.000E+00   5.000E-02
   9  22   0   0   4      0      0   0.000E+00   5.000E-02
   9  23  -1   0   1      0      0   7.484E-02   2.000E-01
  F  1  7  0.  0.
   9  24   0   0   4      0      0   0.000E+00   5.000E-02
   9  25  -1   0   1      0      0   7.484E-02   2.000E-01
  F  1  7  0.  0.
   9  26   0   0   4      0      0   0.000E+00   5.000E-02
   9  27   0   0   4      0      0   0.000E+00   5.000E-02
   9  28   0   0   4      0      0   0.000E+00   5.000E-02
   9  29   0   0   4      0      0   0.000E+00   5.000E-02
   9  30  -1   0   1      0      0   3.630E-02   2.000E-01
  F  1  7  0.  0.
   9  31   0   0   4      0      0   0.000E+00   5.000E-02
   9  32  -1   0   1      0      0   3.630E-02   2.000E-01
  F  1  7  0.  0.
   9  33   0   0   4      0      0   0.000E+00   5.000E-02
   9  34   0   0   4      0      0   0.000E+00   5.000E-02
   9  35   0   0   4      0      0   0.000E+00   5.000E-02
   9  36  -1   0   1      0      0   4.163E-02   2.000E-01
  F  1  7  0.  0.
   9  37  -1   0   1      0      0   2.646E-02   2.000E-01
  F  1  7  0.  0.
  10  11  -1   0   1      0      0   8.350E-01   7.000E-01
  F  1  7  0.  0.
  10  12   0   0   4      0      0   0.000E+00   5.000E-02
  10  13   0   0   4      0      0   0.000E+00   5.000E-02
  10  14   0   0   4      0      0   0.000E+00   5.000E-02
  10  15   0   0   4      0      0   0.000E+00   5.000E-02
  10  16  -1   0   1      0      0   2.295E-01   2.000E-01
  F  1  7  0.  0.
  10  17   0   0   4      0      0   0.000E+00   5.000E-02
  10  18   0   0   4      0      0   0.000E+00   5.000E-02
  10  19   0   0   4      0      0   0.000E+00   5.000E-02
  10  20   0   0   4      0      0   0.000E+00   5.000E-02
  10  21   0   0   4      0      0   0.000E+00   5.000E-02
  10  22  -1   0   1      0      0   7.600E-02   2.000E-01
  F  1  7  0.  0.
  10  23   0   0   4      0      0   0.000E+00   5.000E-02
  10  24   0   0   4      0      0   0.000E+00   5.000E-02
  10  25   0   0   4      0      0   0.000E+00   5.000E-02
  10  26   0   0   4      0      0   0.000E+00   5.000E-02
  10  27   0   0   4      0      0   0.000E+00   5.000E-02
  10  28   0   0   4      0      0   0.000E+00   5.000E-02
  10  29  -1   0   1      0      0   3.635E-02   2.000E-01
  F  1  7  0.  0.
  10  30   0   0   4      0      0   0.000E+00   5.000E-02
  10  31   0   0   4      0      0   0.000E+00   5.000E-02
  10  32   0   0   4      0      0   0.000E+00   5.000E-02
  10  33   0   0   4      0      0   0.000E+00   5.000E-02
  10  34   0   0   4      0      0   0.000E+00   5.000E-02
  10  35   0   0   4      0      0   0.000E+00   5.000E-02
  10  36  -1   0   1      0      0   2.085E-02   2.000E-01
  F  1  7  0.  0.
  10  37  -1   0   1      0      0   1.330E-02   2.000E-01
  F  1  7  0.  0.
  11  12  -1   0   1      0      0   1.507E-01   7.000E-01
  F  1  7  0.  0.
  11  13   0   0   4      0      0   0.000E+00   5.000E-02
  11  14   0   0   4      0      0   0.000E+00   5.000E-02
  11  15  -1   0   1      0      0   1.750E-01   2.000E-01
  F  1  7  0.  0.
  11  16   0   0   4      0      0   0.000E+00   5.000E-02
  11  17  -1   0   1      0      0   5.150E-01   2.000E-01
  F  1  7  0.  0.
  11  18   0   0   4      0      0   0.000E+00   5.000E-02
  11  19   0   0   4      0      0   0.000E+00   5.000E-02
  11  20   0   0   4      0      0   0.000E+00   5.000E-02
  11  21  -1   0   1      0      0   3.383E-02   2.000E-01
  F  1  7  0.  0.
  11  22   0   0   4      0      0   0.000E+00   5.000E-02
  11  23  -1   0   1      0      0   1.403E-01   2.000E-01
  F  1  7  0.  0.
  11  24   0   0   4      0      0   0.000E+00   5.000E-02
  11  25   0   0   4      0      0   0.000E+00   5.000E-02
  11  26   0   0   4      0      0   0.000E+00   5.000E-02
  11  27   0   0   4      0      0   0.000E+00   5.000E-02
  11  28  -1   0   1      0      0   1.322E-02   2.000E-01
  F  1  7  0.  0.
  11  29   0   0   4      0      0   0.000E+00   5.000E-02
  11  30  -1   0   1      0      0   6.217E-02   2.000E-01
  F  1  7  0.  0.
  11  31   0   0   4      0      0   0.000E+00   5.000E-02
  11  32   0   0   4      0      0   0.000E+00   5.000E-02
  11  33   0   0   4      0      0   0.000E+00   5.000E-02
  11  34   0   0   4      0      0   0.000E+00   5.000E-02
  11  35   0   0   4      0      0   0.000E+00   5.000E-02
  11  36  -1   0   1      0      0   4.115E-02   2.000E-01
  F  1  7  0.  0.
  11  37  -1   0   1      0      0   2.540E-02   2.000E-01
  F  1  7  0.  0.
  12  13   0   0   1      0      0   0.000E+00   7.000E-01
  12  14   0   0   4      0      0   0.000E+00   5.000E-02
  12  15   0   0   4      0      0   0.000E+00   5.000E-02
  12  16  -1   0   1      0      0   6.820E-02   2.000E-01
  F  1  7  0.  0.
  12  17   0   0   4      0      0   0.000E+00   5.000E-02
  12  18  -1   0   1      0      0   1.591E+00   2.000E-01
  F  1  7  0.  0.
  12  19   0   0   4      0      0   0.000E+00   5.000E-02
  12  20   0   0   4      0      0   0.000E+00   5.000E-02
  12  21   0   0   4      0      0   0.000E+00   5.000E-02
  12  22  -1   0   1      0      0   1.400E-02   2.000E-01
  F  1  7  0.  0.
  12  23   0   0   4      0      0   0.000E+00   5.000E-02
  12  24  -1   0   1      0      0   2.432E-01   2.000E-01
  F  1  7  0.  0.
  12  25   0   0   4      0      0   0.000E+00   5.000E-02
  12  26   0   0   4      0      0   0.000E+00   5.000E-02
  12  27   0   0   4      0      0   0.000E+00   5.000E-02
  12  28   0   0   4      0      0   0.000E+00   5.000E-02
  12  29  -1   0   1      0      0   5.460E-03   2.000E-01
  F  1  7  0.  0.
  12  30   0   0   4      0      0   0.000E+00   5.000E-02
  12  31  -1   0   1      0      0   8.460E-02   2.000E-01
  F  1  7  0.  0.
  12  32   0   0   4      0      0   0.000E+00   5.000E-02
  12  33   0   0   4      0      0   0.000E+00   5.000E-02
  12  34   0   0   4      0      0   0.000E+00   5.000E-02
  12  35   0   0   4      0      0   0.000E+00   5.000E-02
  12  36  -1   0   1      0      0   4.348E-02   2.000E-01
  F  1  7  0.  0.
  12  37  -1   0   1      0      0   2.488E-02   2.000E-01
  F  1  7  0.  0.
  13  14   0   0   1      0      0   0.000E+00   7.000E-01
  13  15   0   0   4      0      0   0.000E+00   5.000E-02
  13  16   0   0   4      0      0   0.000E+00   5.000E-02
  13  17  -1   0   1      0      0   1.591E+00   2.000E-01
  F  1  7  0.  0.
  13  18   0   0   4      0      0   0.000E+00   5.000E-02
  13  19  -1   0   1      0      0   1.591E+00   2.000E-01
  F  1  7  0.  0.
  13  20   0   0   4      0      0   0.000E+00   5.000E-02
  13  21   0   0   4      0      0   0.000E+00   5.000E-02
  13  22   0   0   4      0      0   0.000E+00   5.000E-02
  13  23  -1   0   1      0      0   2.432E-01   2.000E-01
  F  1  7  0.  0.
  13  24   0   0   4      0      0   0.000E+00   5.000E-02
  13  25  -1   0   1      0      0   2.432E-01   2.000E-01
  F  1  7  0.  0.
  13  26   0   0   4      0      0   0.000E+00   5.000E-02
  13  27   0   0   4      0      0   0.000E+00   5.000E-02
  13  28   0   0   4      0      0   0.000E+00   5.000E-02
  13  29   0   0   4      0      0   0.000E+00   5.000E-02
  13  30  -1   0   1      0      0   8.460E-02   2.000E-01
  F  1  7  0.  0.
  13  31   0   0   4      0      0   0.000E+00   5.000E-02
  13  32  -1   0   1      0      0   8.460E-02   2.000E-01
  F  1  7  0.  0.
  13  33   0   0   4      0      0   0.000E+00   5.000E-02
  13  34   0   0   4      0      0   0.000E+00   5.000E-02
  13  35   0   0   4      0      0   0.000E+00   5.000E-02
  13  36  -1   0   1      0      0   8.137E-02   2.000E-01
  F  1  7  0.  0.
  13  37  -1   0   1      0      0   4.647E-02   2.000E-01
  F  1  7  0.  0.
  14  15   0   0   4      0      0   0.000E+00   5.000E-02
  14  16   0   0   4      0      0   0.000E+00   5.000E-02
  14  17   0   0   4      0      0   0.000E+00   5.000E-02
  14  18  -1   0   1      0      0   1.591E+00   2.000E-01
  F  1  7  0.  0.
  14  19   0   0   4      0      0   0.000E+00   5.000E-02
  14  20  -1   0   1      0      0   1.591E+00   2.000E-01
  F  1  7  0.  0.
  14  21   0   0   4      0      0   0.000E+00   5.000E-02
  14  22   0   0   4      0      0   0.000E+00   5.000E-02
  14  23   0   0   4      0      0   0.000E+00   5.000E-02
  14  24  -1   0   1      0      0   2.432E-01   2.000E-01
  F  1  7  0.  0.
  14  25   0   0   4      0      0   0.000E+00   5.000E-02
  14  26  -1   0   1      0      0   2.432E-01   2.000E-01
  F  1  7  0.  0.
  14  27   0   0   4      0      0   0.000E+00   5.000E-02
  14  28   0   0   4      0      0   0.000E+00   5.000E-02
  14  29   0   0   4      0      0   0.000E+00   5.000E-02
  14  30   0   0   4      0      0   0.000E+00   5.000E-02
  14  31  -1   0   1      0      0   8.460E-02   2.000E-01
  F  1  7  0.  0.
  14  32   0   0   4      0      0   0.000E+00   5.000E-02
  14  33  -1   0   1      0      0   8.460E-02   2.000E-01
  F  1  7  0.  0.
  14  34   0   0   4      0      0   0.000E+00   5.000E-02
  14  35   0   0   4      0      0   0.000E+00   5.000E-02
  14  36  -1   0   1      0      0   8.137E-02   2.000E-01
  F  1  7  0.  0.
  14  37  -1   0   1      0      0   4.647E-02   2.000E-01
  F  1  7  0.  0.
  15  16  -1   0   1      0      0   1.010E+00   7.000E-01
  F  1  7  0.  0.
  15  17   0   0   4      0      0   0.000E+00   5.000E-02
  15  18   0   0   4      0      0   0.000E+00   5.000E-02
  15  19   0   0   4      0      0   0.000E+00   5.000E-02
  15  20   0   0   4      0      0   0.000E+00   5.000E-02
  15  21   0   0   4      0      0   0.000E+00   5.000E-02
  15  22  -1   0   1      0      0   2.470E-01   2.000E-01
  F  1  7  0.  0.
  15  23   0   0   4      0      0   0.000E+00   5.000E-02
  15  24   0   0   4      0      0   0.000E+00   5.000E-02
  15  25   0   0   4      0      0   0.000E+00   5.000E-02
  15  26   0   0   4      0      0   0.000E+00   5.000E-02
  15  27   0   0   4      0      0   0.000E+00   5.000E-02
  15  28   0   0   4      0      0   0.000E+00   5.000E-02
  15  29  -1   0   1      0      0   8.150E-02   2.000E-01
  F  1  7  0.  0.
  15  30   0   0   4      0      0   0.000E+00   5.000E-02
  15  31   0   0   4      0      0   0.000E+00   5.000E-02
  15  32   0   0   4      0      0   0.000E+00   5.000E-02
  15  33   0   0   4      0      0   0.000E+00   5.000E-02
  15  34   0   0   4      0      0   0.000E+00   5.000E-02
  15  35   0   0   4      0      0   0.000E+00   5.000E-02
  15  36  -1   0   1      0      0   3.925E-02   2.000E-01
  F  1  7  0.  0.
  15  37  -1   0   1      0      0   2.260E-02   2.000E-01
  F  1  7  0.  0.
  16  17  -1   0   1      0      0   1.900E-01   7.000E-01
  F  1  7  0.  0.
  16  18   0   0   4      0      0   0.000E+00   5.000E-02
  16  19   0   0   4      0      0   0.000E+00   5.000E-02
  16  20   0   0   4      0      0   0.000E+00   5.000E-02
  16  21  -1   0   1      0      0   2.233E-01   2.000E-01
  F  1  7  0.  0.
  16  22   0   0   4      0      0   0.000E+00   5.000E-02
  16  23  -1   0   1      0      0   5.283E-01   2.000E-01
  F  1  7  0.  0.
  16  24   0   0   4      0      0   0.000E+00   5.000E-02
  16  25   0   0   4      0      0   0.000E+00   5.000E-02
  16  26   0   0   4      0      0   0.000E+00   5.000E-02
  16  27   0   0   4      0      0   0.000E+00   5.000E-02
  16  28  -1   0   1      0      0   4.300E-02   2.000E-01
  F  1  7  0.  0.
  16  29   0   0   4      0      0   0.000E+00   5.000E-02
  16  30  -1   0   1      0      0   1.457E-01   2.000E-01
  F  1  7  0.  0.
  16  31   0   0   4      0      0   0.000E+00   5.000E-02
  16  32   0   0   4      0      0   0.000E+00   5.000E-02
  16  33   0   0   4      0      0   0.000E+00   5.000E-02
  16  34   0   0   4      0      0   0.000E+00   5.000E-02
  16  35   0   0   4      0      0   0.000E+00   5.000E-02
  16  36  -1   0   1      0      0   8.217E-02   2.000E-01
  F  1  7  0.  0.
  16  37  -1   0   1      0      0   4.507E-02   2.000E-01
  F  1  7  0.  0.
  17  18   0   0   1      0      0   0.000E+00   7.000E-01
  17  19   0   0   4      0      0   0.000E+00   5.000E-02
  17  20   0   0   4      0      0   0.000E+00   5.000E-02
  17  21   0   0   4      0      0   0.000E+00   5.000E-02
  17  22  -1   0   1      0      0   9.830E-02   2.000E-01
  F  1  7  0.  0.
  17  23   0   0   4      0      0   0.000E+00   5.000E-02
  17  24  -1   0   1      0      0   1.836E+00   2.000E-01
  F  1  7  0.  0.
  17  25   0   0   4      0      0   0.000E+00   5.000E-02
  17  26   0   0   4      0      0   0.000E+00   5.000E-02
  17  27   0   0   4      0      0   0.000E+00   5.000E-02
  17  28   0   0   4      0      0   0.000E+00   5.000E-02
  17  29  -1   0   1      0      0   2.050E-02   2.000E-01
  F  1  7  0.  0.
  17  30   0   0   4      0      0   0.000E+00   5.000E-02
  17  31  -1   0   1      0      0   2.743E-01   2.000E-01
  F  1  7  0.  0.
  17  32   0   0   4      0      0   0.000E+00   5.000E-02
  17  33   0   0   4      0      0   0.000E+00   5.000E-02
  17  34   0   0   4      0      0   0.000E+00   5.000E-02
  17  35   0   0   4      0      0   0.000E+00   5.000E-02
  17  36  -1   0   1      0      0   1.021E-01   2.000E-01
  F  1  7  0.  0.
  17  37  -1   0   1      0      0   4.901E-02   2.000E-01
  F  1  7  0.  0.
  18  19   0   0   1      0      0   0.000E+00   7.000E-01
  18  20   0   0   4      0      0   0.000E+00   5.000E-02
  18  21   0   0   4      0      0   0.000E+00   5.000E-02
  18  22   0   0   4      0      0   0.000E+00   5.000E-02
  18  23  -1   0   1      0      0   1.836E+00   2.000E-01
  F  1  7  0.  0.
  18  24   0   0   4      0      0   0.000E+00   5.000E-02
  18  25  -1   0   1      0      0   1.836E+00   2.000E-01
  F  1  7  0.  0.
  18  26   0   0   4      0      0   0.000E+00   5.000E-02
  18  27   0   0   4      0      0   0.000E+00   5.000E-02
  18  28   0   0   4      0      0   0.000E+00   5.000E-02
  18  29   0   0   4      0      0   0.000E+00   5.000E-02
  18  30  -1   0   1      0      0   2.743E-01   2.000E-01
  F  1  7  0.  0.
  18  31   0   0   4      0      0   0.000E+00   5.000E-02
  18  32  -1   0   1      0      0   2.743E-01   2.000E-01
  F  1  7  0.  0.
  18  33   0   0   4      0      0   0.000E+00   5.000E-02
  18  34   0   0   4      0      0   0.000E+00   5.000E-02
  18  35   0   0   4      0      0   0.000E+00   5.000E-02
  18  36  -1   0   1      0      0   1.882E-01   2.000E-01
  F  1  7  0.  0.
  18  37  -1   0   1      0      0   8.973E-02   2.000E-01
  F  1  7  0.  0.
  19  20   0   0   4      0      0   0.000E+00   5.000E-02
  19  21   0   0   4      0      0   0.000E+00   5.000E-02
  19  22   0   0   4      0      0   0.000E+00   5.000E-02
  19  23   0   0   4      0      0   0.000E+00   5.000E-02
  19  24  -1   0   1      0      0   1.836E+00   2.000E-01
  F  1  7  0.  0.
  19  25   0   0   4      0      0   0.000E+00   5.000E-02
  19  26  -1   0   1      0      0   1.836E+00   2.000E-01
  F  1  7  0.  0.
  19  27   0   0   4      0      0   0.000E+00   5.000E-02
  19  28   0   0   4      0      0   0.000E+00   5.000E-02
  19  29   0   0   4      0      0   0.000E+00   5.000E-02
  19  30   0   0   4      0      0   0.000E+00   5.000E-02
  19  31  -1   0   1      0      0   2.743E-01   2.000E-01
  F  1  7  0.  0.
  19  32   0   0   4      0      0   0.000E+00   5.000E-02
  19  33  -1   0   1      0      0   2.743E-01   2.000E-01
  F  1  7  0.  0.
  19  34   0   0   4      0      0   0.000E+00   5.000E-02
  19  35   0   0   4      0      0   0.000E+00   5.000E-02
  19  36  -1   0   1      0      0   1.882E-01   2.000E-01
  F  1  7  0.  0.
  19  37  -1   0   1      0      0   8.973E-02   2.000E-01
  F  1  7  0.  0.
  20  21   0   0   4      0      0   0.000E+00   5.000E-02
  20  22   0   0   4      0      0   0.000E+00   5.000E-02
  20  23   0   0   4      0      0   0.000E+00   5.000E-02
  20  24   0   0   4      0      0   0.000E+00   5.000E-02
  20  25  -1   0   1      0      0   1.836E+00   2.000E-01
  F  1  7  0.  0.
  20  26   0   0   4      0      0   0.000E+00   5.000E-02
  20  27  -1   0   1      0      0   1.836E+00   2.000E-01
  F  1  7  0.  0.
  20  28   0   0   4      0      0   0.000E+00   5.000E-02
  20  29   0   0   4      0      0   0.000E+00   5.000E-02
  20  30   0   0   4      0      0   0.000E+00   5.000E-02
  20  31   0   0   4      0      0   0.000E+00   5.000E-02
  20  32  -1   0   1      0      0   2.743E-01   2.000E-01
  F  1  7  0.  0.
  20  33   0   0   4      0      0   0.000E+00   5.000E-02
  20  34  -1   0   1      0      0   2.743E-01   2.000E-01
  F  1  7  0.  0.
  20  35   0   0   4      0      0   0.000E+00   5.000E-02
  20  36  -1   0   1      0      0   1.882E-01   2.000E-01
  F  1  7  0.  0.
  20  37  -1   0   1      0      0   8.973E-02   2.000E-01
  F  1  7  0.  0.
  21  22  -1   0   1      0      0   1.180E+00   7.000E-01
  F  1  7  0.  0.
  21  23   0   0   4      0      0   0.000E+00   5.000E-02
  21  24   0   0   4      0      0   0.000E+00   5.000E-02
  21  25   0   0   4      0      0   0.000E+00   5.000E-02
  21  26   0   0   4      0      0   0.000E+00   5.000E-02
  21  27   0   0   4      0      0   0.000E+00   5.000E-02
  21  28   0   0   4      0      0   0.000E+00   5.000E-02
  21  29  -1   0   1      0      0   2.650E-01   2.000E-01
  F  1  7  0.  0.
  21  30   0   0   4      0      0   0.000E+00   5.000E-02
  21  31   0   0   4      0      0   0.000E+00   5.000E-02
  21  32   0   0   4      0      0   0.000E+00   5.000E-02
  21  33   0   0   4      0      0   0.000E+00   5.000E-02
  21  34   0   0   4      0      0   0.000E+00   5.000E-02
  21  35   0   0   4      0      0   0.000E+00   5.000E-02
  21  36  -1   0   1      0      0   8.750E-02   2.000E-01
  F  1  7  0.  0.
  21  37  -1   0   1      0      0   4.210E-02   2.000E-01
  F  1  7  0.  0.
  22  23  -1   0   1      0      0   2.300E-01   7.000E-01
  F  1  7  0.  0.
  22  24   0   0   4      0      0   0.000E+00   5.000E-02
  22  25   0   0   4      0      0   0.000E+00   5.000E-02
  22  26   0   0   4      0      0   0.000E+00   5.000E-02
  22  27   0   0   4      0      0   0.000E+00   5.000E-02
  22  28  -1   0   1      0      0   2.717E-01   2.000E-01
  F  1  7  0.  0.
  22  29   0   0   4      0      0   0.000E+00   5.000E-02
  22  30  -1   0   1      0      0   5.483E-01   2.000E-01
  F  1  7  0.  0.
  22  31   0   0   4      0      0   0.000E+00   5.000E-02
  22  32   0   0   4      0      0   0.000E+00   5.000E-02
  22  33   0   0   4      0      0   0.000E+00   5.000E-02
  22  34   0   0   4      0      0   0.000E+00   5.000E-02
  22  35   0   0   4      0      0   0.000E+00   5.000E-02
  22  36  -1   0   1      0      0   2.043E-01   2.000E-01
  F  1  7  0.  0.
  22  37  -1   0   1      0      0   8.900E-02   2.000E-01
  F  1  7  0.  0.
  23  24   0   0   1      0      0   0.000E+00   7.000E-01
  23  25   0   0   4      0      0   0.000E+00   5.000E-02
  23  26   0   0   4      0      0   0.000E+00   5.000E-02
  23  27   0   0   4      0      0   0.000E+00   5.000E-02
  23  28   0   0   4      0      0   0.000E+00   5.000E-02
  23  29  -1   0   1      0      0   1.300E-01   2.000E-01
  F  1  7  0.  0.
  23  30   0   0   4      0      0   0.000E+00   5.000E-02
  23  31  -1   0   1      0      0   2.082E+00   2.000E-01
  F  1  7  0.  0.
  23  32   0   0   4      0      0   0.000E+00   5.000E-02
  23  33   0   0   4      0      0   0.000E+00   5.000E-02
  23  34   0   0   4      0      0   0.000E+00   5.000E-02
  23  35   0   0   4      0      0   0.000E+00   5.000E-02
  23  36  -1   0   1      0      0   3.326E-01   2.000E-01
  F  1  7  0.  0.
  23  37  -1   0   1      0      0   1.142E-01   2.000E-01
  F  1  7  0.  0.
  24  25   0   0   1      0      0   0.000E+00   7.000E-01
  24  26   0   0   4      0      0   0.000E+00   5.000E-02
  24  27   0   0   4      0      0   0.000E+00   5.000E-02
  24  28   0   0   4      0      0   0.000E+00   5.000E-02
  24  29   0   0   4      0      0   0.000E+00   5.000E-02
  24  30  -1   0   1      0      0   2.082E+00   2.000E-01
  F  1  7  0.  0.
  24  31   0   0   4      0      0   0.000E+00   5.000E-02
  24  32  -1   0   1      0      0   2.082E+00   2.000E-01
  F  1  7  0.  0.
  24  33   0   0   4      0      0   0.000E+00   5.000E-02
  24  34   0   0   4      0      0   0.000E+00   5.000E-02
  24  35   0   0   4      0      0   0.000E+00   5.000E-02
  24  36  -1   0   1      0      0   6.106E-01   2.000E-01
  F  1  7  0.  0.
  24  37  -1   0   1      0      0   2.069E-01   2.000E-01
  F  1  7  0.  0.
  25  26   0   0   1      0      0   0.000E+00   7.000E-01
  25  27   0   0   4      0      0   0.000E+00   5.000E-02
  25  28   0   0   4      0      0   0.000E+00   5.000E-02
  25  29   0   0   4      0      0   0.000E+00   5.000E-02
  25  30   0   0   4      0      0   0.000E+00   5.000E-02
  25  31  -1   0   1      0      0   2.082E+00   2.000E-01
  F  1  7  0.  0.
  25  32   0   0   4      0      0   0.000E+00   5.000E-02
  25  33  -1   0   1      0      0   2.082E+00   2.000E-01
  F  1  7  0.  0.
  25  34   0   0   4      0      0   0.000E+00   5.000E-02
  25  35   0   0   4      0      0   0.000E+00   5.000E-02
  25  36  -1   0   1      0      0   6.106E-01   2.000E-01
  F  1  7  0.  0.
  25  37  -1   0   1      0      0   2.069E-01   2.000E-01
  F  1  7  0.  0.
  26  27   0   0   1      0      0   0.000E+00   7.000E-01
  26  28   0   0   4      0      0   0.000E+00   5.000E-02
  26  29   0   0   4      0      0   0.000E+00   5.000E-02
  26  30   0   0   4      0      0   0.000E+00   5.000E-02
  26  31   0   0   4      0      0   0.000E+00   5.000E-02
  26  32  -1   0   1      0      0   2.082E+00   2.000E-01
  F  1  7  0.  0.
  26  33   0   0   4      0      0   0.000E+00   5.000E-02
  26  34  -1   0   1      0      0   2.082E+00   2.000E-01
  F  1  7  0.  0.
  26  35   0   0   4      0      0   0.000E+00   5.000E-02
  26  36  -1   0   1      0      0   6.106E-01   2.000E-01
  F  1  7  0.  0.
  26  37  -1   0   1      0      0   2.069E-01   2.000E-01
  F  1  7  0.  0.
  27  28   0   0   4      0      0   0.000E+00   5.000E-02
  27  29   0   0   4      0      0   0.000E+00   5.000E-02
  27  30   0   0   4      0      0   0.000E+00   5.000E-02
  27  31   0   0   4      0      0   0.000E+00   5.000E-02
  27  32   0   0   4      0      0   0.000E+00   5.000E-02
  27  33  -1   0   1      0      0   2.082E+00   2.000E-01
  F  1  7  0.  0.
  27  34   0   0   4      0      0   0.000E+00   5.000E-02
  27  35  -1   0   1      0      0   2.082E+00   2.000E-01
  F  1  7  0.  0.
  27  36  -1   0   1      0      0   6.106E-01   2.000E-01
  F  1  7  0.  0.
  27  37  -1   0   1      0      0   2.069E-01   2.000E-01
  F  1  7  0.  0.
  28  29  -1   0   1      0      0   1.350E+00   7.000E-01
  F  1  7  0.  0.
  28  30   0   0   4      0      0   0.000E+00   5.000E-02
  28  31   0   0   4      0      0   0.000E+00   5.000E-02
  28  32   0   0   4      0      0   0.000E+00   5.000E-02
  28  33   0   0   4      0      0   0.000E+00   5.000E-02
  28  34   0   0   4      0      0   0.000E+00   5.000E-02
  28  35   0   0   4      0      0   0.000E+00   5.000E-02
  28  36  -1   0   1      0      0   2.845E-01   2.000E-01
  F  1  7  0.  0.
  28  37  -1   0   1      0      0   9.350E-02   2.000E-01
  F  1  7  0.  0.
  29  30  -1   0   1      0      0   2.667E-01   7.000E-01
  F  1  7  0.  0.
  29  31   0   0   4      0      0   0.000E+00   5.000E-02
  29  32   0   0   4      0      0   0.000E+00   5.000E-02
  29  33   0   0   4      0      0   0.000E+00   5.000E-02
  29  34   0   0   4      0      0   0.000E+00   5.000E-02
  29  35   0   0   4      0      0   0.000E+00   5.000E-02
  29  36  -1   0   1      0      0   8.933E-01   2.000E-01
  F  1  7  0.  0.
  29  37  -1   0   1      0      0   2.205E-01   2.000E-01
  F  1  7  0.  0.
  30  31   0   0   1      0      0   0.000E+00   7.000E-01
  30  32   0   0   4      0      0   0.000E+00   5.000E-02
  30  33   0   0   4      0      0   0.000E+00   5.000E-02
  30  34   0   0   4      0      0   0.000E+00   5.000E-02
  30  35   0   0   4      0      0   0.000E+00   5.000E-02
  30  36  -1   0   1      0      0   2.490E+00   2.000E-01
  F  1  7  0.  0.
  30  37  -1   0   1      0      0   3.706E-01   2.000E-01
  F  1  7  0.  0.
  31  32   0   0   1      0      0   0.000E+00   7.000E-01
  31  33   0   0   4      0      0   0.000E+00   5.000E-02
  31  34   0   0   4      0      0   0.000E+00   5.000E-02
  31  35   0   0   4      0      0   0.000E+00   5.000E-02
  31  36  -1   0   1      0      0   4.654E+00   2.000E-01
  F  1  7  0.  0.
  31  37  -1   0   1      0      0   6.722E-01   2.000E-01
  F  1  7  0.  0.
  32  33   0   0   1      0      0   0.000E+00   7.000E-01
  32  34   0   0   4      0      0   0.000E+00   5.000E-02
  32  35   0   0   4      0      0   0.000E+00   5.000E-02
  32  36  -1   0   1      0      0   4.654E+00   2.000E-01
  F  1  7  0.  0.
  32  37  -1   0   1      0      0   6.722E-01   2.000E-01
  F  1  7  0.  0.
  33  34   0   0   1      0      0   0.000E+00   7.000E-01
  33  35   0   0   4      0      0   0.000E+00   5.000E-02
  33  36  -1   0   1      0      0   4.654E+00   2.000E-01
  F  1  7  0.  0.
  33  37  -1   0   1      0      0   6.722E-01   2.000E-01
  F  1  7  0.  0.
  34  35   0   0   1      0      0   0.000E+00   7.000E-01
  34  36  -1   0   1      0      0   4.654E+00   2.000E-01
  F  1  7  0.  0.
  34  37  -1   0   1      0      0   6.722E-01   2.000E-01
  F  1  7  0.  0.
  35  36  -1   0   1      0      0   4.654E+00   2.000E-01
  F  1  7  0.  0.
  35  37  -1   0   1      0      0   6.722E-01   2.000E-01
  F  1  7  0.  0.
  36  37  -1   0   1      0      0   4.783E+00   2.000E-01
  F  1  7  0.  0.
