697    18       17     3.32956E-03     2.43128928778E-02
  0.93788E+03 0.00000E+00 0.00000E+00 0.00000E+00 0.00000E+00 0.00000E+00
  0.93849E+03 0.00000E+00 0.00000E+00 0.00000E+00 0.00000E+00 0.00000E+00
  0.93911E+03 0.00000E+00 0.00000E+00 0.00000E+00 0.00000E+00 0.00000E+00
  0.93973E+03 0.00000E+00 0.00000E+00 0.00000E+00 0.00000E+00 0.00000E+00
  0.94035E+03 0.00000E+00 0.00000E+00 0.00000E+00 0.00000E+00 0.00000E+00
  0.94096E+03 0.00000E+00 0.00000E+00 0.00000E+00 0.00000E+00 0.00000E+00
  0.94159E+03 0.00000E+00 0.00000E+00 0.00000E+00 0.00000E+00 0.00000E+00
  0.94221E+03 0.00000E+00 0.00000E+00 0.00000E+00 0.00000E+00 0.00000E+00
  0.94283E+03 0.00000E+00 0.00000E+00 0.00000E+00 0.00000E+00 0.00000E+00
  0.94345E+03 0.00000E+00 0.00000E+00 0.00000E+00 0.00000E+00 0.00000E+00
  0.94407E+03 0.00000E+00 0.00000E+00 0.00000E+00 0.00000E+00 0.00000E+00
  0.94470E+03 0.00000E+00 0.00000E+00 0.00000E+00 0.00000E+00 0.00000E+00
  0.94532E+03 0.00000E+00 0.00000E+00 0.00000E+00 0.00000E+00 0.00000E+00
  0.94595E+03 0.00000E+00 0.00000E+00 0.00000E+00 0.00000E+00 0.00000E+00
  0.94658E+03 0.00000E+00 0.00000E+00 0.00000E+00 0.00000E+00 0.00000E+00
  0.94720E+03 0.00000E+00 0.00000E+00 0.00000E+00 0.00000E+00 0.00000E+00
  0.94783E+03 0.00000E+00 0.00000E+00 0.57806E-03 0.00000E+00 0.00000E+00
  0.94846E+03 0.00000E+00 0.00000E+00 0.12610E-02 0.00000E+00 0.00000E+00
  0.94909E+03 0.00000E+00 0.00000E+00 0.20128E-02 0.83581E-04 0.00000E+00
  0.94972E+03 0.00000E+00 0.00000E+00 0.28596E-02 0.10475E-03 0.00000E+00
  0.95035E+03 0.00000E+00 0.00000E+00 0.38062E-02 0.12836E-03 0.00000E+00
  0.95099E+03 0.00000E+00 0.00000E+00 0.48601E-02 0.15469E-03 0.00000E+00
  0.95162E+03 0.00000E+00 0.00000E+00 0.60482E-02 0.18408E-03 0.00000E+00
  0.95225E+03 0.00000E+00 0.00000E+00 0.73979E-02 0.21699E-03 0.00000E+00
  0.95289E+03 0.00000E+00 0.00000E+00 0.88913E-02 0.25377E-03 0.00000E+00
  0.95353E+03 0.00000E+00 0.00000E+00 0.10563E-01 0.29477E-03 0.00000E+00
  0.95416E+03 0.00000E+00 0.00000E+00 0.12456E-01 0.34062E-03 0.00000E+00
  0.95480E+03 0.00000E+00 0.00000E+00 0.14559E-01 0.39182E-03 0.00000E+00
  0.95544E+03 0.00000E+00 0.00000E+00 0.16921E-01 0.44895E-03 0.00000E+00
  0.95608E+03 0.00000E+00 0.00000E+00 0.19575E-01 0.51279E-03 0.72040E-04
  0.95672E+03 0.00000E+00 0.00000E+00 0.22518E-01 0.58405E-03 0.82180E-04
  0.95736E+03 0.00000E+00 0.00000E+00 0.25835E-01 0.66362E-03 0.93490E-04
  0.95800E+03 0.00000E+00 0.00000E+00 0.29570E-01 0.75271E-03 0.10612E-03
  0.95864E+03 0.00000E+00 0.00000E+00 0.33756E-01 0.85232E-03 0.12019E-03
  0.95929E+03 0.00000E+00 0.00000E+00 0.38414E-01 0.96349E-03 0.13583E-03
  0.95993E+03 0.00000E+00 0.00000E+00 0.43641E-01 0.10875E-02 0.15325E-03
  0.96058E+03 0.00000E+00 0.00000E+00 0.49483E-01 0.12259E-02 0.17263E-03
  0.96123E+03 0.00000E+00 0.00000E+00 0.56020E-01 0.13804E-02 0.19420E-03
  0.96187E+03 0.00000E+00 0.00000E+00 0.63334E-01 0.15529E-02 0.21822E-03
  0.96252E+03 0.00000E+00 0.00000E+00 0.71543E-01 0.17455E-02 0.24497E-03
  0.96317E+03 0.00000E+00 0.00000E+00 0.80732E-01 0.19605E-02 0.27474E-03
  0.96382E+03 0.00000E+00 0.00000E+00 0.90977E-01 0.22001E-02 0.30783E-03
  0.96447E+03 0.00000E+00 0.00000E+00 0.10245E+00 0.24670E-02 0.34462E-03
  0.96512E+03 0.00000E+00 0.00000E+00 0.11532E+00 0.27637E-02 0.38543E-03
  0.96577E+03 0.00000E+00 0.00000E+00 0.12959E+00 0.30916E-02 0.43032E-03
  0.96643E+03 0.00000E+00 0.00000E+00 0.14512E+00 0.34503E-02 0.47917E-03
  0.96708E+03 0.00000E+00 0.00000E+00 0.16198E+00 0.38393E-02 0.53195E-03
  0.96774E+03 0.00000E+00 0.00000E+00 0.18011E+00 0.42580E-02 0.58852E-03
  0.96839E+03 0.00000E+00 0.00000E+00 0.19946E+00 0.47053E-02 0.64876E-03
  0.96905E+03 0.00000E+00 0.00000E+00 0.21996E+00 0.51801E-02 0.71244E-03
  0.96971E+03 0.00000E+00 0.00000E+00 0.24157E+00 0.56799E-02 0.77924E-03
  0.97037E+03 0.00000E+00 0.00000E+00 0.26403E+00 0.62020E-02 0.84874E-03
  0.97103E+03 0.00000E+00 0.00000E+00 0.28731E+00 0.67428E-02 0.92048E-03
  0.97169E+03 0.00000E+00 0.00000E+00 0.31115E+00 0.72984E-02 0.99387E-03
  0.97235E+03 0.00000E+00 0.00000E+00 0.33530E+00 0.78634E-02 0.10682E-02
  0.97301E+03 0.00000E+00 0.00000E+00 0.35962E+00 0.84332E-02 0.11429E-02
  0.97367E+03 0.00000E+00 0.00000E+00 0.38375E+00 0.90016E-02 0.12170E-02
  0.97434E+03 0.00000E+00 0.00000E+00 0.40735E+00 0.95612E-02 0.12896E-02
  0.97500E+03 0.00000E+00 0.00000E+00 0.43021E+00 0.10107E-01 0.13600E-02
  0.97567E+03 0.00000E+00 0.00000E+00 0.45203E+00 0.10630E-01 0.14272E-02
  0.97633E+03 0.00000E+00 0.00000E+00 0.47248E+00 0.11126E-01 0.14904E-02
  0.97700E+03 0.00000E+00 0.00000E+00 0.49128E+00 0.11586E-01 0.15488E-02
  0.97767E+03 0.00000E+00 0.00000E+00 0.50827E+00 0.12009E-01 0.16018E-02
  0.97834E+03 0.00000E+00 0.00000E+00 0.52323E+00 0.12386E-01 0.16488E-02
  0.97901E+03 0.00000E+00 0.00000E+00 0.53597E+00 0.12715E-01 0.16893E-02
  0.97968E+03 0.00000E+00 0.00000E+00 0.54634E+00 0.12993E-01 0.17231E-02
  0.98035E+03 0.00000E+00 0.00000E+00 0.55439E+00 0.13219E-01 0.17501E-02
  0.98103E+03 0.00000E+00 0.00000E+00 0.56022E+00 0.13394E-01 0.17704E-02
  0.98170E+03 0.00000E+00 0.00000E+00 0.56386E+00 0.13519E-01 0.17845E-02
  0.98238E+03 0.00000E+00 0.00000E+00 0.56541E+00 0.13597E-01 0.17928E-02
  0.98305E+03 0.00000E+00 0.00000E+00 0.56523E+00 0.13635E-01 0.17961E-02
  0.98373E+03 0.00000E+00 0.00000E+00 0.56382E+00 0.13640E-01 0.17957E-02
  0.98441E+03 0.00000E+00 0.00000E+00 0.56142E+00 0.13622E-01 0.17927E-02
  0.98509E+03 0.00000E+00 0.00000E+00 0.55857E+00 0.13589E-01 0.17885E-02
  0.98577E+03 0.00000E+00 0.00000E+00 0.55595E+00 0.13555E-01 0.17849E-02
  0.98645E+03 0.00000E+00 0.00000E+00 0.55389E+00 0.13532E-01 0.17834E-02
  0.98713E+03 0.00000E+00 0.00000E+00 0.55313E+00 0.13533E-01 0.17856E-02
  0.98781E+03 0.00000E+00 0.00000E+00 0.55426E+00 0.13570E-01 0.17935E-02
  0.98849E+03 0.00000E+00 0.00000E+00 0.55787E+00 0.13658E-01 0.18086E-02
  0.98918E+03 0.00000E+00 0.00000E+00 0.56439E+00 0.13807E-01 0.18323E-02
  0.98986E+03 0.00000E+00 0.00000E+00 0.57421E+00 0.14026E-01 0.18658E-02
  0.99055E+03 0.00000E+00 0.00000E+00 0.58780E+00 0.14324E-01 0.19101E-02
  0.99124E+03 0.00000E+00 0.00000E+00 0.60520E+00 0.14707E-01 0.19656E-02
  0.99193E+03 0.00000E+00 0.00000E+00 0.62660E+00 0.15177E-01 0.20326E-02
  0.99262E+03 0.00000E+00 0.00000E+00 0.65177E+00 0.15732E-01 0.21107E-02
  0.99331E+03 0.00000E+00 0.00000E+00 0.68051E+00 0.16369E-01 0.21992E-02
  0.99400E+03 0.00000E+00 0.00000E+00 0.71252E+00 0.17079E-01 0.22968E-02
  0.99469E+03 0.00000E+00 0.00000E+00 0.74703E+00 0.17853E-01 0.24020E-02
  0.99538E+03 0.00000E+00 0.00000E+00 0.78357E+00 0.18675E-01 0.25129E-02
  0.99608E+03 0.00000E+00 0.00000E+00 0.82126E+00 0.19531E-01 0.26272E-02
  0.99677E+03 0.00000E+00 0.00000E+00 0.85935E+00 0.20401E-01 0.27424E-02
  0.99747E+03 0.00000E+00 0.00000E+00 0.89664E+00 0.21265E-01 0.28555E-02
  0.99816E+03 0.00000E+00 0.00000E+00 0.93237E+00 0.22101E-01 0.29640E-02
  0.99886E+03 0.00000E+00 0.00000E+00 0.96552E+00 0.22891E-01 0.30654E-02
  0.99956E+03 0.00000E+00 0.00000E+00 0.99550E+00 0.23617E-01 0.31574E-02
  0.10003E+04 0.00000E+00 0.00000E+00 0.10215E+01 0.24262E-01 0.32381E-02
  0.10010E+04 0.00000E+00 0.00000E+00 0.10431E+01 0.24815E-01 0.33060E-02
  0.10017E+04 0.00000E+00 0.00000E+00 0.10597E+01 0.25266E-01 0.33602E-02
  0.10024E+04 0.00000E+00 0.00000E+00 0.10716E+01 0.25613E-01 0.34005E-02
  0.10031E+04 0.00000E+00 0.00000E+00 0.10787E+01 0.25858E-01 0.34277E-02
  0.10038E+04 0.00000E+00 0.00000E+00 0.10818E+01 0.26009E-01 0.34431E-02
  0.10045E+04 0.00000E+00 0.00000E+00 0.10814E+01 0.26079E-01 0.34486E-02
  0.10052E+04 0.00000E+00 0.00000E+00 0.10783E+01 0.26085E-01 0.34467E-02
  0.10059E+04 0.00000E+00 0.00000E+00 0.10737E+01 0.26051E-01 0.34409E-02
  0.10066E+04 0.00000E+00 0.00000E+00 0.10691E+01 0.26003E-01 0.34347E-02
  0.10073E+04 0.00000E+00 0.00000E+00 0.10655E+01 0.25969E-01 0.34319E-02
  0.10080E+04 0.74689E-07 0.00000E+00 0.10643E+01 0.25979E-01 0.34363E-02
  0.10087E+04 0.00000E+00 0.00000E+00 0.10669E+01 0.26060E-01 0.34517E-02
  0.10094E+04 0.00000E+00 0.00000E+00 0.10746E+01 0.26238E-01 0.34811E-02
  0.10102E+04 0.00000E+00 0.00000E+00 0.10877E+01 0.26534E-01 0.35271E-02
  0.10109E+04 0.00000E+00 0.00000E+00 0.11076E+01 0.26966E-01 0.35919E-02
  0.10116E+04 0.00000E+00 0.00000E+00 0.11344E+01 0.27545E-01 0.36765E-02
  0.10123E+04 0.00000E+00 0.00000E+00 0.11682E+01 0.28272E-01 0.37807E-02
  0.10130E+04 0.80955E-07 0.00000E+00 0.12081E+01 0.29142E-01 0.39030E-02
  0.10137E+04 0.00000E+00 0.00000E+00 0.12536E+01 0.30138E-01 0.40413E-02
  0.10145E+04 0.00000E+00 0.00000E+00 0.13039E+01 0.31241E-01 0.41926E-02
  0.10152E+04 0.00000E+00 0.00000E+00 0.13570E+01 0.32423E-01 0.43525E-02
  0.10159E+04 0.00000E+00 0.00000E+00 0.14114E+01 0.33648E-01 0.45163E-02
  0.10166E+04 0.00000E+00 0.00000E+00 0.14656E+01 0.34880E-01 0.46792E-02
  0.10174E+04 0.80008E-07 0.00000E+00 0.15175E+01 0.36082E-01 0.48359E-02
  0.10181E+04 0.79676E-07 0.00000E+00 0.15654E+01 0.37214E-01 0.49816E-02
  0.10188E+04 0.00000E+00 0.00000E+00 0.16081E+01 0.38244E-01 0.51121E-02
  0.10195E+04 0.00000E+00 0.00000E+00 0.16441E+01 0.39143E-01 0.52239E-02
  0.10203E+04 0.00000E+00 0.00000E+00 0.16726E+01 0.39891E-01 0.53149E-02
  0.10210E+04 0.00000E+00 0.00000E+00 0.16932E+01 0.40478E-01 0.53842E-02
  0.10217E+04 0.00000E+00 0.00000E+00 0.17066E+01 0.40905E-01 0.54328E-02
  0.10225E+04 0.96904E-07 0.00000E+00 0.17134E+01 0.41187E-01 0.54629E-02
  0.10232E+04 0.69405E-07 0.00000E+00 0.17146E+01 0.41344E-01 0.54778E-02
  0.10239E+04 0.00000E+00 0.00000E+00 0.17120E+01 0.41409E-01 0.54823E-02
  0.10247E+04 0.00000E+00 0.00000E+00 0.17081E+01 0.41426E-01 0.54830E-02
  0.10254E+04 0.00000E+00 0.00000E+00 0.17050E+01 0.41443E-01 0.54860E-02
  0.10261E+04 0.00000E+00 0.00000E+00 0.17048E+01 0.41506E-01 0.54976E-02
  0.10269E+04 0.76063E-07 0.00000E+00 0.17098E+01 0.41664E-01 0.55243E-02
  0.10276E+04 0.10674E-06 0.00000E+00 0.17224E+01 0.41962E-01 0.55715E-02
  0.10283E+04 0.00000E+00 0.00000E+00 0.17434E+01 0.42432E-01 0.56433E-02
  0.10291E+04 0.00000E+00 0.00000E+00 0.17739E+01 0.43100E-01 0.57423E-02
  0.10298E+04 0.00000E+00 0.00000E+00 0.18149E+01 0.43981E-01 0.58700E-02
  0.10306E+04 0.00000E+00 0.00000E+00 0.18655E+01 0.45073E-01 0.60255E-02
  0.10313E+04 0.00000E+00 0.00000E+00 0.19250E+01 0.46360E-01 0.62056E-02
  0.10321E+04 0.10561E-06 0.00000E+00 0.19918E+01 0.47810E-01 0.64057E-02
  0.10328E+04 0.10718E-06 0.00000E+00 0.20627E+01 0.49378E-01 0.66185E-02
  0.10335E+04 0.00000E+00 0.00000E+00 0.21356E+01 0.51006E-01 0.68369E-02
  0.10343E+04 0.00000E+00 0.00000E+00 0.22078E+01 0.52641E-01 0.70530E-02
  0.10350E+04 0.00000E+00 0.00000E+00 0.22759E+01 0.54220E-01 0.72586E-02
  0.10358E+04 0.00000E+00 0.00000E+00 0.23379E+01 0.55686E-01 0.74465E-02
  0.10365E+04 0.00000E+00 0.00000E+00 0.23910E+01 0.56989E-01 0.76102E-02
  0.10373E+04 0.13136E-06 0.00000E+00 0.24339E+01 0.58089E-01 0.77453E-02
  0.10381E+04 0.97154E-07 0.00000E+00 0.24653E+01 0.58965E-01 0.78499E-02
  0.10388E+04 0.00000E+00 0.00000E+00 0.24864E+01 0.59616E-01 0.79251E-02
  0.10396E+04 0.00000E+00 0.00000E+00 0.24979E+01 0.60061E-01 0.79740E-02
  0.10403E+04 0.00000E+00 0.00000E+00 0.25018E+01 0.60335E-01 0.80022E-02
  0.10411E+04 0.00000E+00 0.00000E+00 0.25009E+01 0.60489E-01 0.80173E-02
  0.10418E+04 0.10674E-06 0.00000E+00 0.24985E+01 0.60590E-01 0.80288E-02
  0.10426E+04 0.15087E-06 0.00000E+00 0.24985E+01 0.60714E-01 0.80474E-02
  0.10434E+04 0.76970E-07 0.00000E+00 0.25051E+01 0.60940E-01 0.80835E-02
  0.10441E+04 0.00000E+00 0.00000E+00 0.25210E+01 0.61338E-01 0.81456E-02
  0.10449E+04 0.00000E+00 0.00000E+00 0.25483E+01 0.61964E-01 0.82404E-02
  0.10457E+04 0.00000E+00 0.00000E+00 0.25893E+01 0.62855E-01 0.83725E-02
  0.10464E+04 0.00000E+00 0.00000E+00 0.26438E+01 0.64032E-01 0.85430E-02
  0.10472E+04 0.15841E-06 0.00000E+00 0.27118E+01 0.65490E-01 0.87504E-02
  0.10480E+04 0.16552E-06 0.00000E+00 0.27910E+01 0.67202E-01 0.89898E-02
  0.10487E+04 0.00000E+00 0.00000E+00 0.28792E+01 0.69121E-01 0.92535E-02
  0.10495E+04 0.00000E+00 0.00000E+00 0.29726E+01 0.71164E-01 0.95311E-02
  0.10503E+04 0.00000E+00 0.00000E+00 0.30659E+01 0.73262E-01 0.98100E-02
  0.10510E+04 0.00000E+00 0.00000E+00 0.31550E+01 0.75305E-01 0.10078E-01
  0.10518E+04 0.11749E-06 0.00000E+00 0.32362E+01 0.77220E-01 0.10324E-01
  0.10526E+04 0.22246E-06 0.00000E+00 0.33064E+01 0.78925E-01 0.10540E-01
  0.10534E+04 0.18469E-06 0.00000E+00 0.33628E+01 0.80373E-01 0.10719E-01
  0.10541E+04 0.00000E+00 0.00000E+00 0.34043E+01 0.81530E-01 0.10858E-01
  0.10549E+04 0.00000E+00 0.00000E+00 0.34320E+01 0.82403E-01 0.10960E-01
  0.10557E+04 0.00000E+00 0.00000E+00 0.34485E+01 0.83026E-01 0.11030E-01
  0.10565E+04 0.00000E+00 0.00000E+00 0.34567E+01 0.83459E-01 0.11079E-01
  0.10573E+04 0.24407E-06 0.00000E+00 0.34617E+01 0.83790E-01 0.11119E-01
  0.10580E+04 0.32285E-06 0.00000E+00 0.34680E+01 0.84129E-01 0.11164E-01
  0.10588E+04 0.23995E-06 0.00000E+00 0.34821E+01 0.84569E-01 0.11229E-01
  0.10596E+04 0.74324E-07 0.00000E+00 0.35075E+01 0.85211E-01 0.11325E-01
  0.10604E+04 0.00000E+00 0.00000E+00 0.35474E+01 0.86138E-01 0.11463E-01
  0.10612E+04 0.00000E+00 0.00000E+00 0.36052E+01 0.87411E-01 0.11649E-01
  0.10620E+04 0.27603E-06 0.00000E+00 0.36819E+01 0.89055E-01 0.11885E-01
  0.10628E+04 0.48049E-06 0.00000E+00 0.37746E+01 0.91044E-01 0.12167E-01
  0.10636E+04 0.53228E-06 0.00000E+00 0.38807E+01 0.93338E-01 0.12485E-01
  0.10644E+04 0.41876E-06 0.00000E+00 0.39953E+01 0.95842E-01 0.12827E-01
  0.10651E+04 0.27065E-06 0.00000E+00 0.41122E+01 0.98440E-01 0.13176E-01
  0.10659E+04 0.25757E-06 0.00000E+00 0.42248E+01 0.10100E+00 0.13514E-01
  0.10667E+04 0.45109E-06 0.00000E+00 0.43287E+01 0.10343E+00 0.13828E-01
  0.10675E+04 0.75846E-06 0.00000E+00 0.44173E+01 0.10561E+00 0.14104E-01
  0.10683E+04 0.99868E-06 0.00000E+00 0.44886E+01 0.10745E+00 0.14334E-01
  0.10691E+04 0.10506E-05 0.00000E+00 0.45431E+01 0.10896E+00 0.14516E-01
  0.10699E+04 0.95788E-06 0.00000E+00 0.45800E+01 0.11013E+00 0.14655E-01
  0.10707E+04 0.90225E-06 0.00000E+00 0.46044E+01 0.11101E+00 0.14761E-01
  0.10715E+04 0.10570E-05 0.00000E+00 0.46224E+01 0.11173E+00 0.14849E-01
  0.10723E+04 0.14443E-05 0.00000E+00 0.46399E+01 0.11241E+00 0.14939E-01
  0.10731E+04 0.19135E-05 0.00000E+00 0.46681E+01 0.11322E+00 0.15054E-01
  0.10740E+04 0.22639E-05 0.00000E+00 0.47097E+01 0.11429E+00 0.15209E-01
  0.10748E+04 0.24147E-05 0.00000E+00 0.47731E+01 0.11572E+00 0.15419E-01
  0.10756E+04 0.24812E-05 0.00000E+00 0.48572E+01 0.11760E+00 0.15690E-01
  0.10764E+04 0.26926E-05 0.00000E+00 0.49658E+01 0.11992E+00 0.16023E-01
  0.10772E+04 0.32066E-05 0.00000E+00 0.50931E+01 0.12267E+00 0.16408E-01
  0.10780E+04 0.39835E-05 0.00000E+00 0.52341E+01 0.12574E+00 0.16830E-01
  0.10788E+04 0.48174E-05 0.00000E+00 0.53813E+01 0.12896E+00 0.17268E-01
  0.10796E+04 0.55100E-05 0.00000E+00 0.55226E+01 0.13219E+00 0.17695E-01
  0.10805E+04 0.60482E-05 0.00000E+00 0.56532E+01 0.13523E+00 0.18092E-01
  0.10813E+04 0.66333E-05 0.00000E+00 0.57638E+01 0.13795E+00 0.18439E-01
  0.10821E+04 0.75332E-05 0.00000E+00 0.58500E+01 0.14025E+00 0.18726E-01
  0.10829E+04 0.88757E-05 0.00000E+00 0.59153E+01 0.14211E+00 0.18954E-01
  0.10837E+04 0.10550E-04 0.00000E+00 0.59596E+01 0.14357E+00 0.19133E-01
  0.10846E+04 0.12312E-04 0.00000E+00 0.59921E+01 0.14476E+00 0.19280E-01
  0.10854E+04 0.14002E-04 0.00000E+00 0.60210E+01 0.14583E+00 0.19421E-01
  0.10862E+04 0.15710E-04 0.71035E-07 0.60577E+01 0.14700E+00 0.19588E-01
  0.10870E+04 0.17740E-04 0.83493E-07 0.61182E+01 0.14853E+00 0.19814E-01
  0.10879E+04 0.20396E-04 0.97743E-07 0.62067E+01 0.15060E+00 0.20119E-01
  0.10887E+04 0.23767E-04 0.11404E-06 0.63305E+01 0.15332E+00 0.20517E-01
  0.10895E+04 0.27683E-04 0.13268E-06 0.64892E+01 0.15674E+00 0.21009E-01
  0.10903E+04 0.31899E-04 0.15400E-06 0.66783E+01 0.16079E+00 0.21582E-01
  0.10912E+04 0.36357E-04 0.17839E-06 0.68890E+01 0.16531E+00 0.22210E-01
  0.10920E+04 0.41308E-04 0.20628E-06 0.71022E+01 0.17005E+00 0.22853E-01
  0.10928E+04 0.47191E-04 0.23818E-06 0.73072E+01 0.17472E+00 0.23475E-01
  0.10937E+04 0.54361E-04 0.27468E-06 0.74906E+01 0.17906E+00 0.24041E-01
  0.10945E+04 0.62890E-04 0.31640E-06 0.76388E+01 0.18287E+00 0.24526E-01
  0.10954E+04 0.72605E-04 0.36414E-06 0.77538E+01 0.18603E+00 0.24922E-01
  0.10962E+04 0.83351E-04 0.41872E-06 0.78337E+01 0.18856E+00 0.25236E-01
  0.10970E+04 0.95294E-04 0.48114E-06 0.78898E+01 0.19064E+00 0.25499E-01
  0.10979E+04 0.10895E-03 0.55254E-06 0.79460E+01 0.19259E+00 0.25761E-01
  0.10987E+04 0.12497E-03 0.63419E-06 0.80170E+01 0.19480E+00 0.26075E-01
  0.10996E+04 0.14386E-03 0.72754E-06 0.81280E+01 0.19767E+00 0.26499E-01
  0.11004E+04 0.16577E-03 0.83432E-06 0.82972E+01 0.20162E+00 0.27082E-01
  0.11013E+04 0.19070E-03 0.95645E-06 0.85367E+01 0.20694E+00 0.27860E-01
  0.11021E+04 0.21879E-03 0.10960E-05 0.88568E+01 0.21376E+00 0.28844E-01
  0.11030E+04 0.25067E-03 0.12557E-05 0.92411E+01 0.22203E+00 0.30012E-01
  0.11038E+04 0.28738E-03 0.14383E-05 0.96796E+01 0.23148E+00 0.31325E-01
  0.11047E+04 0.33006E-03 0.16471E-05 0.10145E+02 0.24172E+00 0.32721E-01
  0.11055E+04 0.37959E-03 0.18858E-05 0.10612E+02 0.25228E+00 0.34135E-01
  0.11064E+04 0.43655E-03 0.21587E-05 0.11061E+02 0.26273E+00 0.35513E-01
  0.11072E+04 0.50153E-03 0.24709E-05 0.11475E+02 0.27276E+00 0.36820E-01
  0.11081E+04 0.57552E-03 0.28277E-05 0.11860E+02 0.28225E+00 0.38050E-01
  0.11090E+04 0.66021E-03 0.32357E-05 0.12212E+02 0.29124E+00 0.39214E-01
  0.11098E+04 0.75779E-03 0.37022E-05 0.12553E+02 0.29996E+00 0.40355E-01
  0.11107E+04 0.87045E-03 0.42355E-05 0.12905E+02 0.30879E+00 0.41528E-01
  0.11116E+04 0.10004E-02 0.48453E-05 0.13294E+02 0.31817E+00 0.42795E-01
  0.11124E+04 0.11495E-02 0.55424E-05 0.13735E+02 0.32845E+00 0.44196E-01
  0.11133E+04 0.13201E-02 0.63394E-05 0.14241E+02 0.33976E+00 0.45741E-01
  0.11142E+04 0.15153E-02 0.72504E-05 0.14787E+02 0.35198E+00 0.47399E-01
  0.11150E+04 0.17393E-02 0.82924E-05 0.15359E+02 0.36472E+00 0.49110E-01
  0.11159E+04 0.19972E-02 0.94827E-05 0.15924E+02 0.37743E+00 0.50789E-01
  0.11168E+04 0.22942E-02 0.10844E-04 0.16436E+02 0.38936E+00 0.52331E-01
  0.11176E+04 0.26356E-02 0.12400E-04 0.16858E+02 0.39983E+00 0.53650E-01
  0.11185E+04 0.30273E-02 0.14179E-04 0.17184E+02 0.40838E+00 0.54701E-01
  0.11194E+04 0.34763E-02 0.16212E-04 0.17393E+02 0.41479E+00 0.55458E-01
  0.11203E+04 0.39911E-02 0.18536E-04 0.17498E+02 0.41910E+00 0.55948E-01
  0.11212E+04 0.45826E-02 0.21192E-04 0.17532E+02 0.42176E+00 0.56245E-01
  0.11220E+04 0.52627E-02 0.24229E-04 0.17519E+02 0.42350E+00 0.56459E-01
  0.11229E+04 0.60446E-02 0.27699E-04 0.17543E+02 0.42533E+00 0.56746E-01
  0.11238E+04 0.69425E-02 0.31666E-04 0.17640E+02 0.42833E+00 0.57240E-01
  0.11247E+04 0.79737E-02 0.36199E-04 0.17866E+02 0.43333E+00 0.58047E-01
  0.11256E+04 0.91558E-02 0.41380E-04 0.18215E+02 0.44084E+00 0.59209E-01
  0.11265E+04 0.10514E-01 0.47302E-04 0.18712E+02 0.45084E+00 0.60712E-01
  0.11273E+04 0.12073E-01 0.54070E-04 0.19287E+02 0.46281E+00 0.62449E-01
  0.11282E+04 0.13865E-01 0.61803E-04 0.19894E+02 0.47573E+00 0.64272E-01
  0.11291E+04 0.15924E-01 0.70643E-04 0.20451E+02 0.48843E+00 0.66012E-01
  0.11300E+04 0.18289E-01 0.80739E-04 0.20899E+02 0.49994E+00 0.67558E-01
  0.11309E+04 0.21003E-01 0.92282E-04 0.21263E+02 0.51002E+00 0.68924E-01
  0.11318E+04 0.24118E-01 0.10547E-03 0.21575E+02 0.51927E+00 0.70214E-01
  0.11327E+04 0.27696E-01 0.12054E-03 0.21906E+02 0.52887E+00 0.71628E-01
  0.11336E+04 0.31806E-01 0.13776E-03 0.22401E+02 0.54047E+00 0.73406E-01
  0.11345E+04 0.36527E-01 0.15744E-03 0.23106E+02 0.55521E+00 0.75664E-01
  0.11354E+04 0.41949E-01 0.17992E-03 0.23993E+02 0.57288E+00 0.78305E-01
  0.11363E+04 0.48177E-01 0.20561E-03 0.24902E+02 0.59164E+00 0.81015E-01
  0.11372E+04 0.55326E-01 0.23496E-03 0.25670E+02 0.60875E+00 0.83399E-01
  0.11381E+04 0.63534E-01 0.26849E-03 0.26122E+02 0.62173E+00 0.85141E-01
  0.11390E+04 0.72964E-01 0.30680E-03 0.26235E+02 0.62961E+00 0.86212E-01
  0.11399E+04 0.83790E-01 0.35056E-03 0.26165E+02 0.63395E+00 0.86941E-01
  0.11409E+04 0.96227E-01 0.40056E-03 0.26137E+02 0.63853E+00 0.87931E-01
  0.11418E+04 0.11050E+00 0.45767E-03 0.26524E+02 0.64800E+00 0.89850E-01
  0.11427E+04 0.12691E+00 0.52292E-03 0.27423E+02 0.66585E+00 0.93065E-01
  0.11436E+04 0.14574E+00 0.59745E-03 0.28853E+02 0.69249E+00 0.97512E-01
  0.11445E+04 0.16736E+00 0.68261E-03 0.30516E+02 0.72531E+00 0.10270E+00
  0.11454E+04 0.19220E+00 0.77985E-03 0.32149E+02 0.75989E+00 0.10800E+00
  0.11463E+04 0.22073E+00 0.89089E-03 0.33510E+02 0.79237E+00 0.11293E+00
  0.11473E+04 0.25349E+00 0.10178E-02 0.34598E+02 0.82106E+00 0.11740E+00
  0.11482E+04 0.29111E+00 0.11627E-02 0.35575E+02 0.84636E+00 0.12161E+00
  0.11491E+04 0.33431E+00 0.13282E-02 0.36508E+02 0.86964E+00 0.12571E+00
  0.11500E+04 0.38392E+00 0.15172E-02 0.37414E+02 0.89048E+00 0.12960E+00
  0.11510E+04 0.44090E+00 0.17331E-02 0.37891E+02 0.90699E+00 0.13295E+00
  0.11519E+04 0.50632E+00 0.19796E-02 0.37952E+02 0.91890E+00 0.13595E+00
  0.11528E+04 0.58146E+00 0.22611E-02 0.38072E+02 0.93223E+00 0.13973E+00
  0.11538E+04 0.66777E+00 0.25825E-02 0.39107E+02 0.95747E+00 0.14591E+00
  0.11547E+04 0.76686E+00 0.29496E-02 0.41689E+02 0.10027E+01 0.15542E+00
  0.11556E+04 0.88067E+00 0.33688E-02 0.45381E+02 0.10658E+01 0.16739E+00
  0.11566E+04 0.10113E+01 0.38475E-02 0.48834E+02 0.11317E+01 0.17930E+00
  0.11575E+04 0.11615E+01 0.43940E-02 0.50708E+02 0.11823E+01 0.18880E+00
  0.11584E+04 0.13338E+01 0.50180E-02 0.50852E+02 0.12096E+01 0.19554E+00
  0.11594E+04 0.15317E+01 0.57305E-02 0.50249E+02 0.12226E+01 0.20157E+00
  0.11603E+04 0.17591E+01 0.65440E-02 0.50653E+02 0.12407E+01 0.21000E+00
  0.11613E+04 0.20202E+01 0.74730E-02 0.52870E+02 0.12806E+01 0.22274E+00
  0.11622E+04 0.23199E+01 0.85333E-02 0.56594E+02 0.13428E+01 0.23921E+00
  0.11631E+04 0.26642E+01 0.97445E-02 0.60126E+02 0.14125E+01 0.25687E+00
  0.11641E+04 0.30596E+01 0.11127E-01 0.62185E+02 0.14729E+01 0.27380E+00
  0.11650E+04 0.35137E+01 0.12706E-01 0.63205E+02 0.15234E+01 0.29106E+00
  0.11660E+04 0.40351E+01 0.14509E-01 0.65560E+02 0.15813E+01 0.31199E+00
  0.11669E+04 0.46340E+01 0.16568E-01 0.70237E+02 0.16600E+01 0.33785E+00
  0.11679E+04 0.53217E+01 0.18919E-01 0.74656E+02 0.17465E+01 0.36563E+00
  0.11689E+04 0.61114E+01 0.21604E-01 0.76300E+02 0.18193E+01 0.39305E+00
  0.11698E+04 0.70183E+01 0.24672E-01 0.77876E+02 0.18858E+01 0.42363E+00
  0.11708E+04 0.80597E+01 0.28175E-01 0.83060E+02 0.19740E+01 0.46157E+00
  0.11717E+04 0.92560E+01 0.32178E-01 0.89244E+02 0.20799E+01 0.50426E+00
  0.11727E+04 0.10630E+02 0.36750E-01 0.91477E+02 0.21697E+01 0.54702E+00
  0.11737E+04 0.12208E+02 0.41974E-01 0.91876E+02 0.22421E+01 0.59335E+00
  0.11746E+04 0.14019E+02 0.47943E-01 0.97026E+02 0.23420E+01 0.65150E+00
  0.11756E+04 0.16099E+02 0.54763E-01 0.10613E+03 0.24909E+01 0.72208E+00
  0.11766E+04 0.18488E+02 0.62554E-01 0.11322E+03 0.26553E+01 0.79949E+00
  0.11775E+04 0.21232E+02 0.71455E-01 0.11875E+03 0.28047E+01 0.88269E+00
  0.11785E+04 0.24383E+02 0.81598E-01 0.12424E+03 0.29440E+01 0.97393E+00
  0.11795E+04 0.28002E+02 0.93094E-01 0.12801E+03 0.30885E+01 0.10763E+01
  0.11804E+04 0.31931E+02 0.10627E+00 0.13687E+03 0.32655E+01 0.11977E+01
  0.11814E+04 0.36917E+02 0.12170E+00 0.14950E+03 0.34868E+01 0.13392E+01
  0.11824E+04 0.42683E+02 0.13929E+00 0.15491E+03 0.37215E+01 0.14970E+01
  0.11834E+04 0.48884E+02 0.15862E+00 0.16933E+03 0.39756E+01 0.16763E+01
  0.11844E+04 0.55461E+02 0.17954E+00 0.18455E+03 0.42594E+01 0.18681E+01
  0.11853E+04 0.62686E+02 0.20261E+00 0.18456E+03 0.45180E+01 0.20691E+01
  0.11863E+04 0.70995E+02 0.22853E+00 0.20333E+03 0.48225E+01 0.23065E+01
  0.11873E+04 0.80367E+02 0.25764E+00 0.22613E+03 0.52426E+01 0.25785E+01
  0.11883E+04 0.91166E+02 0.28989E+00 0.23954E+03 0.56772E+01 0.28720E+01
  0.11893E+04 0.10243E+03 0.32427E+00 0.25933E+03 0.61381E+01 0.31937E+01
  0.11903E+04 0.11369E+03 0.36029E+00 0.28704E+03 0.66814E+01 0.35398E+01
  0.11913E+04 0.12595E+03 0.39940E+00 0.30734E+03 0.72720E+01 0.39094E+01
  0.11923E+04 0.14060E+03 0.44311E+00 0.33643E+03 0.79230E+01 0.43212E+01
  0.11933E+04 0.15633E+03 0.49045E+00 0.36713E+03 0.86917E+01 0.47813E+01
  0.11943E+04 0.17277E+03 0.54000E+00 0.40896E+03 0.96275E+01 0.52850E+01
  0.11953E+04 0.18879E+03 0.59125E+00 0.46366E+03 0.10747E+02 0.58334E+01
  0.11963E+04 0.20603E+03 0.64675E+00 0.51575E+03 0.12036E+02 0.64169E+01
  0.11973E+04 0.22757E+03 0.70907E+00 0.57099E+03 0.13407E+02 0.70670E+01
  0.11983E+04 0.24969E+03 0.77498E+00 0.64419E+03 0.15164E+02 0.78115E+01
  0.11993E+04 0.26972E+03 0.84352E+00 0.74324E+03 0.17312E+02 0.86326E+01
  0.12003E+04 0.29470E+03 0.92174E+00 0.85475E+03 0.19909E+02 0.95659E+01
  0.12013E+04 0.32603E+03 0.10134E+01 0.99144E+03 0.23132E+02 0.10687E+02
  0.12023E+04 0.35862E+03 0.11149E+01 0.11830E+04 0.27283E+02 0.12033E+02
  0.12033E+04 0.39153E+03 0.12345E+01 0.13977E+04 0.32724E+02 0.13676E+02
  0.12043E+04 0.44800E+03 0.13884E+01 0.17222E+04 0.40061E+02 0.15810E+02
  0.12053E+04 0.50134E+03 0.15750E+01 0.21771E+04 0.50031E+02 0.18606E+02
  0.12064E+04 0.57215E+03 0.18302E+01 0.27611E+04 0.63929E+02 0.22383E+02
  0.12074E+04 0.70684E+03 0.21993E+01 0.36526E+04 0.84075E+02 0.27860E+02
  0.12084E+04 0.83499E+03 0.27463E+01 0.50492E+04 0.11462E+03 0.36151E+02
  0.12094E+04 0.11517E+04 0.36795E+01 0.72233E+04 0.16345E+03 0.49580E+02
  0.12105E+04 0.15684E+04 0.54055E+01 0.11071E+05 0.24810E+03 0.73806E+02
  0.12115E+04 0.26924E+04 0.90746E+01 0.18680E+05 0.41056E+03 0.12236E+03
  0.12125E+04 0.55891E+04 0.17833E+02 0.36785E+05 0.76428E+03 0.23292E+03
  0.12135E+04 0.15235E+05 0.39848E+02 0.94921E+05 0.16031E+04 0.50411E+03
  0.12146E+04 0.57198E+05 0.83912E+02 0.36188E+06 0.32066E+04 0.10332E+04
  0.12156E+04 0.12266E+06 0.11694E+03 0.63179E+06 0.51817E+04 0.15676E+04
  0.12166E+04 0.60999E+05 0.89312E+02 0.68863E+06 0.57761E+04 0.15113E+04
  0.12177E+04 0.16916E+05 0.44494E+02 0.20045E+06 0.41191E+04 0.87943E+03
  0.12187E+04 0.61982E+04 0.20181E+02 0.81233E+05 0.21581E+04 0.43055E+03
  0.12198E+04 0.29846E+04 0.97892E+01 0.41865E+05 0.11826E+04 0.22483E+03
  0.12208E+04 0.11463E+04 0.51199E+01 0.24418E+05 0.70873E+03 0.12932E+03
  0.12218E+04 0.12845E+04 0.32183E+01 0.16299E+05 0.45934E+03 0.80838E+02
  0.12229E+04 0.41067E+03 0.21314E+01 0.10942E+05 0.31637E+03 0.56236E+02
  0.12239E+04 0.57563E+03 0.17055E+01 0.79575E+04 0.22824E+03 0.40486E+02
  0.12250E+04 0.49210E+03 0.15192E+01 0.64494E+04 0.17478E+03 0.33183E+02
  0.12260E+04 0.43648E+03 0.12147E+01 0.52050E+04 0.14041E+03 0.26904E+02
  0.12271E+04 0.23883E+03 0.10592E+01 0.42851E+04 0.11561E+03 0.22499E+02
  0.12281E+04 0.29447E+03 0.10521E+01 0.37014E+04 0.98278E+02 0.20226E+02
  0.12292E+04 0.40765E+03 0.97222E+00 0.34972E+04 0.87228E+02 0.18452E+02
  0.12303E+04 0.19477E+03 0.82965E+00 0.33015E+04 0.79264E+02 0.16757E+02
  0.12313E+04 0.36569E+03 0.85408E+00 0.29328E+04 0.70751E+02 0.15045E+02
  0.12324E+04 0.26418E+03 0.75265E+00 0.23287E+04 0.60131E+02 0.13428E+02
  0.12334E+04 0.12515E+03 0.62286E+00 0.17890E+04 0.48524E+02 0.10806E+02
  0.12345E+04 0.17644E+03 0.67170E+00 0.12965E+04 0.38186E+02 0.95446E+01
  0.12356E+04 0.35681E+03 0.74358E+00 0.10454E+04 0.29908E+02 0.88351E+01
  0.12366E+04 0.14951E+03 0.65959E+00 0.79169E+03 0.23838E+02 0.81652E+01
  0.12377E+04 0.19785E+03 0.59182E+00 0.65081E+03 0.19103E+02 0.68318E+01
  0.12388E+04 0.19528E+03 0.54793E+00 0.53394E+03 0.15714E+02 0.61256E+01
  0.12399E+04 0.10631E+03 0.45161E+00 0.43904E+03 0.13128E+02 0.53488E+01
  0.12409E+04 0.11614E+03 0.46782E+00 0.42654E+03 0.11299E+02 0.48672E+01
  0.12420E+04 0.23356E+03 0.56601E+00 0.33498E+03 0.97405E+01 0.52335E+01
  0.12431E+04 0.16452E+03 0.55607E+00 0.28054E+03 0.82200E+01 0.53101E+01
  0.12442E+04 0.18980E+03 0.52616E+00 0.25662E+03 0.71002E+01 0.49063E+01
  0.12453E+04 0.13665E+03 0.45957E+00 0.21118E+03 0.62029E+01 0.44594E+01
  0.12464E+04 0.11140E+03 0.41627E+00 0.19478E+03 0.54978E+01 0.39777E+01
  0.12474E+04 0.15698E+03 0.42758E+00 0.19480E+03 0.50481E+01 0.38515E+01
  0.12485E+04 0.13380E+03 0.38201E+00 0.17529E+03 0.46086E+01 0.36571E+01
  0.12496E+04 0.53863E+02 0.30647E+00 0.14308E+03 0.40705E+01 0.30865E+01
  0.12507E+04 0.11475E+03 0.33365E+00 0.12598E+03 0.36088E+01 0.29079E+01
  0.12518E+04 0.12682E+03 0.35797E+00 0.12859E+03 0.33592E+01 0.31512E+01
  0.12529E+04 0.95585E+02 0.34193E+00 0.12884E+03 0.32215E+01 0.30955E+01
  0.12540E+04 0.11815E+03 0.34765E+00 0.11882E+03 0.30467E+01 0.30207E+01
  0.12551E+04 0.10845E+03 0.34405E+00 0.10898E+03 0.28300E+01 0.30253E+01
  0.12562E+04 0.98873E+02 0.34461E+00 0.10285E+03 0.26222E+01 0.29756E+01
  0.12573E+04 0.13255E+03 0.37332E+00 0.93670E+02 0.24154E+01 0.30708E+01
  0.12584E+04 0.13523E+03 0.36513E+00 0.81030E+02 0.22023E+01 0.30909E+01
  0.12595E+04 0.91024E+02 0.29605E+00 0.75156E+02 0.20497E+01 0.27145E+01
  0.12607E+04 0.60746E+02 0.22829E+00 0.81564E+02 0.20153E+01 0.21901E+01
  0.12618E+04 0.56546E+02 0.19360E+00 0.88859E+02 0.20301E+01 0.18528E+01
  0.12629E+04 0.50708E+02 0.17488E+00 0.82187E+02 0.19462E+01 0.16677E+01
  0.12640E+04 0.46034E+02 0.16872E+00 0.63010E+02 0.17202E+01 0.15476E+01
  0.12651E+04 0.57754E+02 0.17948E+00 0.48526E+02 0.14825E+01 0.15406E+01
  0.12662E+04 0.63775E+02 0.18268E+00 0.50558E+02 0.13913E+01 0.15792E+01
  0.12674E+04 0.48134E+02 0.16513E+00 0.62684E+02 0.14542E+01 0.15169E+01
  0.12685E+04 0.37970E+02 0.15679E+00 0.69290E+02 0.15296E+01 0.14314E+01
  0.12696E+04 0.54390E+02 0.18424E+00 0.62966E+02 0.14863E+01 0.15283E+01
  0.12707E+04 0.82539E+02 0.22648E+00 0.49447E+02 0.13262E+01 0.17795E+01
  0.12719E+04 0.89488E+02 0.23662E+00 0.39750E+02 0.11578E+01 0.19137E+01
  0.12730E+04 0.67651E+02 0.19729E+00 0.39447E+02 0.10808E+01 0.17349E+01
  0.12741E+04 0.36456E+02 0.13646E+00 0.45490E+02 0.11055E+01 0.13398E+01
  0.12753E+04 0.17808E+02 0.93243E-01 0.50834E+02 0.11649E+01 0.98300E+00
  0.12764E+04 0.18979E+02 0.84244E-01 0.51120E+02 0.11860E+01 0.83308E+00
  0.12776E+04 0.30395E+02 0.97872E-01 0.46757E+02 0.11446E+01 0.87137E+00
  0.12787E+04 0.38712E+02 0.11057E+00 0.41401E+02 0.10684E+01 0.95228E+00
  0.12799E+04 0.36412E+02 0.10641E+00 0.38329E+02 0.10030E+01 0.94910E+00
  0.12810E+04 0.25561E+02 0.87688E-01 0.38445E+02 0.97628E+00 0.84018E+00
  0.12822E+04 0.15668E+02 0.71008E-01 0.40494E+02 0.98562E+00 0.71226E+00
  0.12833E+04 0.16089E+02 0.72037E-01 0.42568E+02 0.10081E+01 0.67993E+00
  0.12845E+04 0.27300E+02 0.92222E-01 0.43121E+02 0.10188E+01 0.78376E+00
  0.12856E+04 0.40437E+02 0.11773E+00 0.41713E+02 0.10040E+01 0.95674E+00
  0.12868E+04 0.46613E+02 0.13198E+00 0.39125E+02 0.96769E+00 0.10831E+01
  0.12879E+04 0.43632E+02 0.12903E+00 0.36675E+02 0.92567E+00 0.10961E+01
  0.12891E+04 0.35991E+02 0.11496E+00 0.35504E+02 0.89576E+00 0.10152E+01
  0.12903E+04 0.29261E+02 0.10046E+00 0.35849E+02 0.88642E+00 0.90955E+00
  0.12914E+04 0.27196E+02 0.92804E-01 0.37017E+02 0.89305E+00 0.83853E+00
  0.12926E+04 0.28315E+02 0.91240E-01 0.37842E+02 0.90178E+00 0.81361E+00
  0.12938E+04 0.29253E+02 0.89907E-01 0.37527E+02 0.89934E+00 0.80158E+00
  0.12949E+04 0.27150E+02 0.83885E-01 0.36121E+02 0.88195E+00 0.76409E+00
  0.12961E+04 0.22342E+02 0.72930E-01 0.34445E+02 0.85692E+00 0.68985E+00
  0.12973E+04 0.16983E+02 0.60944E-01 0.33478E+02 0.83743E+00 0.60046E+00
  0.12985E+04 0.13585E+02 0.53146E-01 0.33749E+02 0.83317E+00 0.53251E+00
  0.12996E+04 0.13739E+02 0.52935E-01 0.34976E+02 0.84440E+00 0.51412E+00
  0.13008E+04 0.17270E+02 0.59945E-01 0.36301E+02 0.86213E+00 0.55016E+00
  0.13020E+04 0.22162E+02 0.70332E-01 0.36916E+02 0.87390E+00 0.61928E+00
  0.13032E+04 0.25976E+02 0.79358E-01 0.36456E+02 0.87214E+00 0.68812E+00
  0.13044E+04 0.27698E+02 0.83905E-01 0.35263E+02 0.85732E+00 0.72997E+00
  0.13056E+04 0.27017E+02 0.83344E-01 0.34019E+02 0.83736E+00 0.73583E+00
  0.13068E+04 0.24944E+02 0.79426E-01 0.33325E+02 0.82153E+00 0.71368E+00
  0.13080E+04 0.22915E+02 0.74913E-01 0.33393E+02 0.81497E+00 0.68196E+00
  0.13092E+04 0.21822E+02 0.71814E-01 0.33897E+02 0.81585E+00 0.65646E+00
  0.13104E+04 0.21614E+02 0.70596E-01 0.34217E+02 0.81693E+00 0.64332E+00
  0.13116E+04 0.21981E+02 0.70602E-01 0.33876E+02 0.81023E+00 0.63896E+00
  0.13128E+04 0.22405E+02 0.70636E-01 0.32729E+02 0.79169E+00 0.63573E+00
  0.13140E+04 0.22155E+02 0.69459E-01 0.31035E+02 0.76286E+00 0.62529E+00
  0.13152E+04 0.21074E+02 0.66412E-01 0.29306E+02 0.73018E+00 0.60226E+00
  0.13164E+04 0.19210E+02 0.61641E-01 0.27999E+02 0.70095E+00 0.56674E+00
  0.13176E+04 0.17011E+02 0.56037E-01 0.27290E+02 0.67977E+00 0.52425E+00
  0.13188E+04 0.14989E+02 0.50698E-01 0.27068E+02 0.66691E+00 0.48236E+00
  0.13201E+04 0.13436E+02 0.46545E-01 0.26993E+02 0.65862E+00 0.44783E+00
  0.13213E+04 0.12620E+02 0.44293E-01 0.26706E+02 0.64978E+00 0.42536E+00
  0.13225E+04 0.12741E+02 0.44340E-01 0.26051E+02 0.63683E+00 0.41817E+00
  0.13237E+04 0.13652E+02 0.46537E-01 0.25090E+02 0.61953E+00 0.42658E+00
  0.13250E+04 0.15135E+02 0.50507E-01 0.24098E+02 0.60088E+00 0.44886E+00
  0.13262E+04 0.17193E+02 0.55636E-01 0.23389E+02 0.58550E+00 0.48189E+00
  0.13274E+04 0.19178E+02 0.60927E-01 0.23171E+02 0.57730E+00 0.52015E+00
  0.13287E+04 0.20964E+02 0.65635E-01 0.23467E+02 0.57770E+00 0.55722E+00
  0.13299E+04 0.22294E+02 0.69195E-01 0.24098E+02 0.58505E+00 0.58827E+00
  0.13311E+04 0.23049E+02 0.71130E-01 0.24785E+02 0.59542E+00 0.60849E+00
  0.13324E+04 0.23004E+02 0.71022E-01 0.25253E+02 0.60437E+00 0.61413E+00
  0.13336E+04 0.22100E+02 0.68802E-01 0.25372E+02 0.60877E+00 0.60345E+00
  0.13349E+04 0.20615E+02 0.64891E-01 0.25159E+02 0.60793E+00 0.57839E+00
  0.13361E+04 0.18753E+02 0.59907E-01 0.24788E+02 0.60357E+00 0.54363E+00
  0.13374E+04 0.16750E+02 0.54537E-01 0.24490E+02 0.59898E+00 0.50433E+00
  0.13386E+04 0.14897E+02 0.49541E-01 0.24450E+02 0.59732E+00 0.46623E+00
  0.13399E+04 0.13438E+02 0.45546E-01 0.24729E+02 0.60024E+00 0.43450E+00
  0.13411E+04 0.12549E+02 0.43015E-01 0.25247E+02 0.60707E+00 0.41282E+00
  0.13424E+04 0.12335E+02 0.42237E-01 0.25771E+02 0.61488E+00 0.40340E+00
  0.13437E+04 0.12766E+02 0.43153E-01 0.26049E+02 0.61957E+00 0.40629E+00
  0.13449E+04 0.13683E+02 0.45450E-01 0.25873E+02 0.61741E+00 0.41917E+00
  0.13462E+04 0.14983E+02 0.48708E-01 0.25174E+02 0.60649E+00 0.43897E+00
  0.13475E+04 0.16385E+02 0.52321E-01 0.24048E+02 0.58754E+00 0.46191E+00
  0.13487E+04 0.17663E+02 0.55627E-01 0.22732E+02 0.56381E+00 0.48376E+00
  0.13500E+04 0.18542E+02 0.58084E-01 0.21531E+02 0.54009E+00 0.50099E+00
  0.13513E+04 0.19030E+02 0.59385E-01 0.20704E+02 0.52107E+00 0.51139E+00
  0.13526E+04 0.19001E+02 0.59356E-01 0.20378E+02 0.50985E+00 0.51366E+00
  0.13538E+04 0.18511E+02 0.58092E-01 0.20516E+02 0.50685E+00 0.50762E+00
  0.13551E+04 0.17653E+02 0.55813E-01 0.20924E+02 0.50987E+00 0.49413E+00
  0.13564E+04 0.16503E+02 0.52848E-01 0.21332E+02 0.51490E+00 0.47471E+00
  0.13577E+04 0.15360E+02 0.49641E-01 0.21491E+02 0.51771E+00 0.45167E+00
  0.13590E+04 0.14175E+02 0.46532E-01 0.21267E+02 0.51540E+00 0.42783E+00
  0.13603E+04 0.13293E+02 0.43947E-01 0.20691E+02 0.50761E+00 0.40582E+00
  0.13616E+04 0.12645E+02 0.42138E-01 0.19955E+02 0.49670E+00 0.38883E+00
  0.13629E+04 0.12367E+02 0.41187E-01 0.19352E+02 0.48717E+00 0.37823E+00
  0.13642E+04 0.12348E+02 0.41035E-01 0.19185E+02 0.48418E+00 0.37485E+00
  0.13655E+04 0.12595E+02 0.41602E-01 0.19664E+02 0.49202E+00 0.37855E+00
  0.13668E+04 0.13044E+02 0.42748E-01 0.20853E+02 0.51279E+00 0.38880E+00
  0.13681E+04 0.13658E+02 0.44261E-01 0.22652E+02 0.54580E+00 0.40389E+00
  0.13694E+04 0.14227E+02 0.45865E-01 0.24827E+02 0.58783E+00 0.42158E+00
  0.13707E+04 0.14802E+02 0.47359E-01 0.27083E+02 0.63406E+00 0.43922E+00
  0.13720E+04 0.15275E+02 0.48549E-01 0.29154E+02 0.67950E+00 0.45480E+00
  0.13734E+04 0.15493E+02 0.49280E-01 0.30858E+02 0.72030E+00 0.46664E+00
  0.13747E+04 0.15565E+02 0.49581E-01 0.32147E+02 0.75447E+00 0.47417E+00
  0.13760E+04 0.15544E+02 0.49513E-01 0.33103E+02 0.78249E+00 0.47802E+00
  0.13773E+04 0.15371E+02 0.49115E-01 0.33898E+02 0.80671E+00 0.47895E+00
  0.13787E+04 0.15137E+02 0.48481E-01 0.34753E+02 0.83066E+00 0.47797E+00
  0.13800E+04 0.14839E+02 0.47727E-01 0.35863E+02 0.85807E+00 0.47642E+00
  0.13813E+04 0.14577E+02 0.46978E-01 0.37370E+02 0.89190E+00 0.47556E+00
  0.13827E+04 0.14323E+02 0.46306E-01 0.39322E+02 0.93365E+00 0.47618E+00
  0.13840E+04 0.14165E+02 0.45799E-01 0.41677E+02 0.98318E+00 0.47876E+00
  0.13853E+04 0.14065E+02 0.45486E-01 0.44318E+02 0.10388E+01 0.48343E+00
  0.13867E+04 0.14047E+02 0.45350E-01 0.47067E+02 0.10974E+01 0.48969E+00
  0.13880E+04 0.14060E+02 0.45332E-01 0.49725E+02 0.11552E+01 0.49666E+00
  0.13894E+04 0.14097E+02 0.45387E-01 0.52083E+02 0.12080E+01 0.50341E+00
  0.13907E+04 0.14156E+02 0.45458E-01 0.53949E+02 0.12515E+01 0.50898E+00
  0.13921E+04 0.14163E+02 0.45469E-01 0.55156E+02 0.12821E+01 0.51244E+00
  0.13935E+04 0.14164E+02 0.45378E-01 0.55577E+02 0.12967E+01 0.51294E+00
  0.13948E+04 0.14064E+02 0.45144E-01 0.55129E+02 0.12932E+01 0.51006E+00
  0.13962E+04 0.13931E+02 0.44811E-01 0.53779E+02 0.12706E+01 0.50372E+00
  0.13975E+04 0.13827E+02 0.44443E-01 0.51557E+02 0.12289E+01 0.49445E+00
  0.13989E+04 0.13696E+02 0.43998E-01 0.48544E+02 0.11694E+01 0.48250E+00
  0.14003E+04 0.13479E+02 0.43453E-01 0.44877E+02 0.10946E+01 0.46797E+00
  0.14017E+04 0.13288E+02 0.42901E-01 0.40731E+02 0.10077E+01 0.45173E+00
  0.14030E+04 0.13122E+02 0.42397E-01 0.36305E+02 0.91274E+00 0.43487E+00
  0.14044E+04 0.12964E+02 0.41928E-01 0.31810E+02 0.81388E+00 0.41808E+00
  0.14058E+04 0.12841E+02 0.41500E-01 0.27428E+02 0.71529E+00 0.40174E+00
  0.14072E+04 0.12702E+02 0.41110E-01 0.23320E+02 0.62044E+00 0.38647E+00
  0.14086E+04 0.12589E+02 0.40775E-01 0.19597E+02 0.53219E+00 0.37252E+00
  0.14100E+04 0.12510E+02 0.40496E-01 0.16324E+02 0.45243E+00 0.36025E+00
  0.14114E+04 0.12419E+02 0.40248E-01 0.13520E+02 0.38215E+00 0.34957E+00
  0.14128E+04 0.12364E+02 0.40020E-01 0.11169E+02 0.32148E+00 0.34032E+00
  0.14141E+04 0.12277E+02 0.39775E-01 0.92228E+01 0.26993E+00 0.33225E+00
  0.14155E+04 0.12167E+02 0.39556E-01 0.76273E+01 0.22658E+00 0.32529E+00
  0.14170E+04 0.12141E+02 0.39406E-01 0.63196E+01 0.19032E+00 0.31960E+00
  0.14184E+04 0.12082E+02 0.39283E-01 0.52440E+01 0.16002E+00 0.31500E+00
  0.14198E+04 0.12059E+02 0.39210E-01 0.43552E+01 0.13465E+00 0.31126E+00
  0.14212E+04 0.12044E+02 0.39197E-01 0.36173E+01 0.11335E+00 0.30850E+00
  0.14226E+04 0.12059E+02 0.39278E-01 0.30034E+01 0.95456E-01 0.30676E+00
  0.14240E+04 0.12117E+02 0.39504E-01 0.24954E+01 0.80427E-01 0.30635E+00
  0.14254E+04 0.12272E+02 0.39866E-01 0.20786E+01 0.67869E-01 0.30727E+00
  0.14269E+04 0.12402E+02 0.40315E-01 0.17389E+01 0.57420E-01 0.30927E+00
  0.14283E+04 0.12601E+02 0.40889E-01 0.14658E+01 0.48782E-01 0.31228E+00
  0.14297E+04 0.12844E+02 0.41570E-01 0.12454E+01 0.41662E-01 0.31636E+00
  0.14311E+04 0.13087E+02 0.42309E-01 0.10680E+01 0.35787E-01 0.32115E+00
  0.14326E+04 0.13359E+02 0.43093E-01 0.92195E+00 0.30902E-01 0.32639E+00
  0.14340E+04 0.13632E+02 0.43884E-01 0.79805E+00 0.26768E-01 0.33191E+00
  0.14355E+04 0.13892E+02 0.44642E-01 0.68281E+00 0.23199E-01 0.33731E+00
  0.14369E+04 0.14120E+02 0.45334E-01 0.58606E+00 0.20089E-01 0.34241E+00
  0.14384E+04 0.14321E+02 0.45942E-01 0.50269E+00 0.17416E-01 0.34692E+00
  0.14398E+04 0.14482E+02 0.46457E-01 0.43102E+00 0.15117E-01 0.35087E+00
  0.14413E+04 0.14618E+02 0.46874E-01 0.36919E+00 0.13136E-01 0.35410E+00
  0.14427E+04 0.14725E+02 0.47222E-01 0.31607E+00 0.11427E-01 0.35680E+00
  0.14442E+04 0.14817E+02 0.47516E-01 0.26986E+00 0.99516E-02 0.35908E+00
  0.14456E+04 0.14888E+02 0.47763E-01 0.23092E+00 0.86795E-02 0.36103E+00
  0.14471E+04 0.14951E+02 0.47976E-01 0.19681E+00 0.75813E-02 0.36269E+00
  0.14486E+04 0.15010E+02 0.48186E-01 0.16753E+00 0.66300E-02 0.36427E+00
  0.14500E+04 0.15098E+02 0.48395E-01 0.14236E+00 0.58078E-02 0.36586E+00
  0.14515E+04 0.15131E+02 0.48604E-01 0.12063E+00 0.50961E-02 0.36746E+00
  0.14530E+04 0.15236E+02 0.48865E-01 0.10197E+00 0.44794E-02 0.36929E+00
  0.14545E+04 0.15313E+02 0.49162E-01 0.85888E-01 0.39458E-02 0.37149E+00
  0.14559E+04 0.15466E+02 0.49523E-01 0.72314E-01 0.34830E-02 0.37402E+00
  0.14574E+04 0.15602E+02 0.49902E-01 0.60345E-01 0.30811E-02 0.37687E+00
  0.14589E+04 0.15731E+02 0.50241E-01 0.50293E-01 0.27307E-02 0.37952E+00
  0.14604E+04 0.15815E+02 0.50508E-01 0.41244E-01 0.24257E-02 0.38172E+00
  0.14619E+04 0.15893E+02 0.50707E-01 0.33803E-01 0.21600E-02 0.38339E+00
  0.14634E+04 0.15945E+02 0.50815E-01 0.27447E-01 0.19294E-02 0.38443E+00
  0.14649E+04 0.15940E+02 0.50772E-01 0.21769E-01 0.17281E-02 0.38451E+00
  0.14664E+04 0.15864E+02 0.50552E-01 0.17034E-01 0.15518E-02 0.38329E+00
  0.14679E+04 0.15731E+02 0.50179E-01 0.12877E-01 0.13974E-02 0.38087E+00
  0.14694E+04 0.15571E+02 0.49668E-01 0.92891E-02 0.12623E-02 0.37735E+00
  0.14709E+04 0.15332E+02 0.49012E-01 0.62557E-02 0.11444E-02 0.37279E+00
  0.14725E+04 0.15073E+02 0.48252E-01 0.37555E-02 0.10421E-02 0.36728E+00
  0.14740E+04 0.14798E+02 0.47420E-01 0.15633E-02 0.95280E-03 0.36116E+00
  0.14755E+04 0.14497E+02 0.46536E-01 0.00000E+00 0.87485E-03 0.35455E+00
  0.14770E+04 0.14183E+02 0.45631E-01 0.00000E+00 0.80583E-03 0.34772E+00
  0.14785E+04 0.13879E+02 0.44730E-01 0.00000E+00 0.74527E-03 0.34081E+00
  0.14801E+04 0.13589E+02 0.43864E-01 0.00000E+00 0.69242E-03 0.33407E+00
  0.14816E+04 0.13305E+02 0.43046E-01 0.00000E+00 0.64584E-03 0.32765E+00
  0.14832E+04 0.13062E+02 0.42329E-01 0.00000E+00 0.60392E-03 0.32182E+00
  0.14847E+04 0.12882E+02 0.41757E-01 0.00000E+00 0.56629E-03 0.31696E+00
  0.14862E+04 0.12727E+02 0.41290E-01 0.00000E+00 0.53282E-03 0.31301E+00
  0.14878E+04 0.12606E+02 0.40911E-01 0.00000E+00 0.50426E-03 0.30971E+00
  0.14893E+04 0.12528E+02 0.40632E-01 0.00000E+00 0.47930E-03 0.30713E+00
  0.14909E+04 0.12465E+02 0.40424E-01 0.00000E+00 0.45676E-03 0.30518E+00
  0.14925E+04 0.12427E+02 0.40256E-01 0.00000E+00 0.43571E-03 0.30358E+00
  0.14940E+04 0.12362E+02 0.40095E-01 0.00000E+00 0.41625E-03 0.30217E+00
  0.14956E+04 0.12318E+02 0.39932E-01 0.00000E+00 0.39894E-03 0.30073E+00
  0.14971E+04 0.12271E+02 0.39762E-01 0.00000E+00 0.38366E-03 0.29926E+00
  0.14987E+04 0.12206E+02 0.39557E-01 0.00000E+00 0.36993E-03 0.29763E+00
  0.15003E+04 0.12101E+02 0.39296E-01 0.00000E+00 0.35756E-03 0.29564E+00
  0.15019E+04 0.11999E+02 0.39002E-01 0.00000E+00 0.34566E-03 0.29332E+00
  0.15034E+04 0.11884E+02 0.38687E-01 0.00000E+00 0.33408E-03 0.29084E+00
  0.15050E+04 0.11769E+02 0.38361E-01 0.00000E+00 0.32395E-03 0.28824E+00
  0.15066E+04 0.11649E+02 0.38036E-01 0.00000E+00 0.31446E-03 0.28561E+00
  0.15082E+04 0.11518E+02 0.37739E-01 0.00000E+00 0.30539E-03 0.28316E+00
  0.15098E+04 0.11442E+02 0.37521E-01 0.00000E+00 0.29583E-03 0.28111E+00
  0.15114E+04 0.11380E+02 0.37389E-01 0.00000E+00 0.28667E-03 0.27975E+00
  0.15130E+04 0.11345E+02 0.37368E-01 0.00000E+00 0.27828E-03 0.27913E+00
  0.15146E+04 0.11382E+02 0.37517E-01 0.00000E+00 0.27020E-03 0.27964E+00
  0.15162E+04 0.11478E+02 0.37846E-01 0.00000E+00 0.26218E-03 0.28150E+00
  0.15178E+04 0.11634E+02 0.38367E-01 0.00000E+00 0.25442E-03 0.28477E+00
  0.15194E+04 0.11870E+02 0.39090E-01 0.00000E+00 0.24703E-03 0.28954E+00
  0.15211E+04 0.12157E+02 0.40003E-01 0.00000E+00 0.23992E-03 0.29580E+00
  0.15227E+04 0.12518E+02 0.41099E-01 0.00000E+00 0.23309E-03 0.30346E+00
  0.15243E+04 0.12921E+02 0.42370E-01 0.00000E+00 0.22611E-03 0.31250E+00
  0.15259E+04 0.13402E+02 0.43818E-01 0.00000E+00 0.21882E-03 0.32288E+00
  0.15276E+04 0.13922E+02 0.45409E-01 0.00000E+00 0.21121E-03 0.33446E+00
  0.15292E+04 0.14485E+02 0.47105E-01 0.00000E+00 0.20342E-03 0.34695E+00
  0.15308E+04 0.15054E+02 0.48870E-01 0.00000E+00 0.19620E-03 0.36008E+00
  0.15325E+04 0.15660E+02 0.50691E-01 0.00000E+00 0.18929E-03 0.37368E+00
  0.15341E+04 0.16260E+02 0.52521E-01 0.00000E+00 0.18310E-03 0.38752E+00
  0.15358E+04 0.16845E+02 0.54328E-01 0.00000E+00 0.17730E-03 0.40128E+00
  0.15374E+04 0.17426E+02 0.56089E-01 0.00000E+00 0.17157E-03 0.41476E+00
  0.15391E+04 0.17949E+02 0.57770E-01 0.00000E+00 0.16623E-03 0.42779E+00
  0.15407E+04 0.18483E+02 0.59388E-01 0.00000E+00 0.16165E-03 0.44025E+00
  0.15424E+04 0.18966E+02 0.60922E-01 0.00000E+00 0.15719E-03 0.45221E+00
  0.15441E+04 0.19423E+02 0.62364E-01 0.00000E+00 0.15240E-03 0.46346E+00
  0.15457E+04 0.19846E+02 0.63733E-01 0.00000E+00 0.14767E-03 0.47414E+00
  0.15474E+04 0.20253E+02 0.65043E-01 0.00000E+00 0.14352E-03 0.48433E+00
  0.15491E+04 0.20645E+02 0.66310E-01 0.00000E+00 0.13986E-03 0.49417E+00
  0.15508E+04 0.21033E+02 0.67557E-01 0.00000E+00 0.13650E-03 0.50379E+00
  0.15525E+04 0.21416E+02 0.68809E-01 0.00000E+00 0.13363E-03 0.51338E+00
  0.15541E+04 0.21821E+02 0.70088E-01 0.00000E+00 0.13071E-03 0.52311E+00
  0.15558E+04 0.22220E+02 0.71401E-01 0.00000E+00 0.12771E-03 0.53310E+00
  0.15575E+04 0.22646E+02 0.72781E-01 0.00000E+00 0.12498E-03 0.54350E+00
  0.15592E+04 0.23133E+02 0.74263E-01 0.00000E+00 0.12253E-03 0.55458E+00
  0.15609E+04 0.23632E+02 0.75840E-01 0.00000E+00 0.11982E-03 0.56644E+00
  0.15626E+04 0.24159E+02 0.77511E-01 0.00000E+00 0.11698E-03 0.57896E+00
  0.15644E+04 0.24749E+02 0.79297E-01 0.00000E+00 0.11404E-03 0.59235E+00
  0.15661E+04 0.25361E+02 0.81185E-01 0.00000E+00 0.11093E-03 0.60655E+00
  0.15678E+04 0.25997E+02 0.83141E-01 0.00000E+00 0.10779E-03 0.62136E+00
  0.15695E+04 0.26681E+02 0.85178E-01 0.00000E+00 0.10474E-03 0.63675E+00
  0.15712E+04 0.27353E+02 0.87241E-01 0.00000E+00 0.10153E-03 0.65256E+00
  0.15730E+04 0.28047E+02 0.89312E-01 0.00000E+00 0.98183E-04 0.66846E+00
  0.15747E+04 0.28724E+02 0.91355E-01 0.00000E+00 0.95348E-04 0.68431E+00
  0.15764E+04 0.29403E+02 0.93352E-01 0.00000E+00 0.93007E-04 0.69984E+00
  0.15782E+04 0.30039E+02 0.95226E-01 0.00000E+00 0.90713E-04 0.71468E+00
  0.15799E+04 0.30605E+02 0.96931E-01 0.00000E+00 0.88398E-04 0.72839E+00
  0.15817E+04 0.31115E+02 0.98440E-01 0.00000E+00 0.86355E-04 0.74069E+00
  0.15834E+04 0.31553E+02 0.99726E-01 0.00000E+00 0.84548E-04 0.75141E+00
  0.15852E+04 0.31903E+02 0.10075E+00 0.00000E+00 0.83060E-04 0.76025E+00
  0.15870E+04 0.32157E+02 0.10149E+00 0.00000E+00 0.81997E-04 0.76698E+00
  0.15887E+04 0.32318E+02 0.10191E+00 0.00000E+00 0.81483E-04 0.77140E+00
  0.15905E+04 0.32346E+02 0.10199E+00 0.00000E+00 0.81503E-04 0.77330E+00
  0.15923E+04 0.32266E+02 0.10172E+00 0.00000E+00 0.81991E-04 0.77248E+00
  0.15940E+04 0.32059E+02 0.10107E+00 0.00000E+00 0.83039E-04 0.76896E+00
  0.15958E+04 0.31744E+02 0.10008E+00 0.00000E+00 0.84542E-04 0.76270E+00
  0.15976E+04 0.31317E+02 0.98738E-01 0.00000E+00 0.86470E-04 0.75374E+00
  0.15994E+04 0.30753E+02 0.97039E-01 0.00000E+00 0.88615E-04 0.74208E+00
  0.16012E+04 0.30082E+02 0.95009E-01 0.00000E+00 0.90909E-04 0.72778E+00
  0.16030E+04 0.29328E+02 0.92688E-01 0.00000E+00 0.93406E-04 0.71111E+00
  0.16048E+04 0.28480E+02 0.90097E-01 0.00000E+00 0.96180E-04 0.69230E+00
  0.16066E+04 0.27549E+02 0.87255E-01 0.00000E+00 0.99178E-04 0.67149E+00
  0.16084E+04 0.26545E+02 0.84190E-01 0.00000E+00 0.10212E-03 0.64885E+00
  0.16102E+04 0.25472E+02 0.80928E-01 0.00000E+00 0.10469E-03 0.62463E+00
  0.16120E+04 0.24359E+02 0.77518E-01 0.00000E+00 0.10707E-03 0.59910E+00
  0.16138E+04 0.23200E+02 0.73992E-01 0.00000E+00 0.10914E-03 0.57253E+00
  0.16157E+04 0.22025E+02 0.70393E-01 0.00000E+00 0.11073E-03 0.54526E+00
  0.16175E+04 0.20832E+02 0.66754E-01 0.00000E+00 0.11180E-03 0.51753E+00
  0.16193E+04 0.19641E+02 0.63101E-01 0.00000E+00 0.11247E-03 0.48959E+00
  0.16212E+04 0.18460E+02 0.59470E-01 0.00000E+00 0.11275E-03 0.46168E+00
  0.16230E+04 0.17289E+02 0.55883E-01 0.00000E+00 0.11253E-03 0.43402E+00
  0.16249E+04 0.16153E+02 0.52360E-01 0.00000E+00 0.11166E-03 0.40674E+00
  0.16267E+04 0.15022E+02 0.48909E-01 0.00000E+00 0.10998E-03 0.38000E+00
  0.16286E+04 0.13938E+02 0.45569E-01 0.00000E+00 0.10730E-03 0.35395E+00
  0.16304E+04 0.12909E+02 0.42372E-01 0.00000E+00 0.10357E-03 0.32891E+00
  0.16323E+04 0.11932E+02 0.39320E-01 0.00000E+00 0.98799E-04 0.30494E+00
  0.16342E+04 0.10985E+02 0.36401E-01 0.00000E+00 0.93101E-04 0.28202E+00
  0.16360E+04 0.10100E+02 0.33630E-01 0.00000E+00 0.86592E-04 0.26016E+00
  0.16379E+04 0.92601E+01 0.31014E-01 0.00000E+00 0.79067E-04 0.23949E+00
  0.16398E+04 0.84765E+01 0.28553E-01 0.00000E+00 0.70501E-04 0.22000E+00
  0.16417E+04 0.77403E+01 0.26250E-01 0.00000E+00 0.00000E+00 0.20171E+00
  0.16435E+04 0.70555E+01 0.24105E-01 0.00000E+00 0.00000E+00 0.18466E+00
  0.16454E+04 0.64311E+01 0.22117E-01 0.00000E+00 0.00000E+00 0.16880E+00
  0.16473E+04 0.58517E+01 0.20274E-01 0.00000E+00 0.00000E+00 0.15411E+00
  0.16492E+04 0.53099E+01 0.18578E-01 0.00000E+00 0.00000E+00 0.14054E+00
  0.16511E+04 0.48403E+01 0.17030E-01 0.00000E+00 0.00000E+00 0.12812E+00
  0.16531E+04 0.43857E+01 0.15595E-01 0.00000E+00 0.00000E+00 0.11670E+00
  0.16550E+04 0.39710E+01 0.14275E-01 0.00000E+00 0.00000E+00 0.10616E+00
  0.16569E+04 0.36093E+01 0.13074E-01 0.00000E+00 0.00000E+00 0.96533E-01
  0.16588E+04 0.32665E+01 0.11977E-01 0.00000E+00 0.00000E+00 0.87779E-01
  0.16607E+04 0.29654E+01 0.10971E-01 0.00000E+00 0.00000E+00 0.79759E-01
  0.16627E+04 0.26696E+01 0.10048E-01 0.00000E+00 0.00000E+00 0.72445E-01
  0.16646E+04 0.24277E+01 0.92242E-02 0.00000E+00 0.00000E+00 0.65834E-01
  0.16666E+04 0.22039E+01 0.84846E-02 0.00000E+00 0.00000E+00 0.59956E-01
  0.16685E+04 0.20122E+01 0.78167E-02 0.00000E+00 0.00000E+00 0.54651E-01
  0.16705E+04 0.18260E+01 0.72125E-02 0.00000E+00 0.00000E+00 0.49892E-01
  0.16724E+04 0.16759E+01 0.66688E-02 0.00000E+00 0.00000E+00 0.45600E-01
  0.16744E+04 0.15209E+01 0.61717E-02 0.00000E+00 0.00000E+00 0.41744E-01
  0.16763E+04 0.13971E+01 0.57279E-02 0.00000E+00 0.00000E+00 0.38266E-01
  0.16783E+04 0.12856E+01 0.53310E-02 0.00000E+00 0.00000E+00 0.35191E-01
  0.16803E+04 0.11853E+01 0.49720E-02 0.00000E+00 0.00000E+00 0.32433E-01
  0.16823E+04 0.10928E+01 0.46423E-02 0.00000E+00 0.00000E+00 0.29935E-01
  0.16842E+04 0.10075E+01 0.43370E-02 0.00000E+00 0.00000E+00 0.27642E-01
  0.16862E+04 0.92885E+00 0.40539E-02 0.00000E+00 0.00000E+00 0.25535E-01
  0.16882E+04 0.85638E+00 0.37914E-02 0.00000E+00 0.00000E+00 0.23595E-01
  0.16902E+04 0.78952E+00 0.35478E-02 0.00000E+00 0.00000E+00 0.21810E-01
  0.16922E+04 0.72788E+00 0.33218E-02 0.00000E+00 0.00000E+00 0.20166E-01
  0.16942E+04 0.67109E+00 0.31121E-02 0.00000E+00 0.00000E+00 0.18651E-01
  0.16962E+04 0.61871E+00 0.29175E-02 0.00000E+00 0.00000E+00 0.17256E-01
  0.16983E+04 0.57042E+00 0.27368E-02 0.00000E+00 0.00000E+00 0.15969E-01
  0.17003E+04 0.52590E+00 0.25691E-02 0.00000E+00 0.00000E+00 0.14784E-01
  0.17023E+04 0.48485E+00 0.24134E-02 0.00000E+00 0.00000E+00 0.13691E-01
  0.17043E+04 0.44701E+00 0.22688E-02 0.00000E+00 0.00000E+00 0.12683E-01
  0.17064E+04 0.41212E+00 0.21345E-02 0.00000E+00 0.00000E+00 0.11754E-01
  0.17084E+04 0.37996E+00 0.20098E-02 0.00000E+00 0.00000E+00 0.10897E-01
  0.17105E+04 0.35030E+00 0.18941E-02 0.00000E+00 0.00000E+00 0.10107E-01
  0.17125E+04 0.32296E+00 0.17865E-02 0.00000E+00 0.00000E+00 0.93771E-02
  0.17146E+04 0.29775E+00 0.16866E-02 0.00000E+00 0.00000E+00 0.87041E-02
  0.17166E+04 0.27451E+00 0.15938E-02 0.00000E+00 0.00000E+00 0.80830E-02
  0.17187E+04 0.25308E+00 0.15076E-02 0.00000E+00 0.00000E+00 0.75097E-02
  0.17208E+04 0.23333E+00 0.14275E-02 0.00000E+00 0.00000E+00 0.69806E-02
  0.17228E+04 0.21512E+00 0.13531E-02 0.00000E+00 0.00000E+00 0.64920E-02
  0.17249E+04 0.19833E+00 0.12839E-02 0.00000E+00 0.00000E+00 0.60408E-02
  0.17270E+04 0.18285E+00 0.12196E-02 0.00000E+00 0.00000E+00 0.56241E-02
