699    18       17     3.432883288E-03     2.42489137E-02
  0.93788E+03 0.00000E+00 0.00000E+00 0.00000E+00 0.00000E+00 0.00000E+00
  0.93849E+03 0.00000E+00 0.00000E+00 0.00000E+00 0.00000E+00 0.00000E+00
  0.93911E+03 0.00000E+00 0.00000E+00 0.00000E+00 0.00000E+00 0.00000E+00
  0.93973E+03 0.00000E+00 0.00000E+00 0.00000E+00 0.00000E+00 0.00000E+00
  0.94035E+03 0.00000E+00 0.00000E+00 0.00000E+00 0.00000E+00 0.00000E+00
  0.94096E+03 0.00000E+00 0.00000E+00 0.00000E+00 0.00000E+00 0.00000E+00
  0.94159E+03 0.00000E+00 0.00000E+00 0.00000E+00 0.00000E+00 0.00000E+00
  0.94221E+03 0.00000E+00 0.00000E+00 0.00000E+00 0.00000E+00 0.00000E+00
  0.94283E+03 0.00000E+00 0.00000E+00 0.00000E+00 0.00000E+00 0.00000E+00
  0.94345E+03 0.00000E+00 0.00000E+00 0.00000E+00 0.00000E+00 0.00000E+00
  0.94407E+03 0.00000E+00 0.00000E+00 0.00000E+00 0.00000E+00 0.00000E+00
  0.94470E+03 0.00000E+00 0.00000E+00 0.00000E+00 0.00000E+00 0.00000E+00
  0.94532E+03 0.00000E+00 0.00000E+00 0.00000E+00 0.00000E+00 0.00000E+00
  0.94595E+03 0.00000E+00 0.00000E+00 0.00000E+00 0.00000E+00 0.00000E+00
  0.94658E+03 0.00000E+00 0.00000E+00 0.00000E+00 0.00000E+00 0.00000E+00
  0.94720E+03 0.00000E+00 0.00000E+00 0.00000E+00 0.00000E+00 0.00000E+00
  0.94783E+03 0.00000E+00 0.00000E+00 0.00000E+00 0.00000E+00 0.00000E+00
  0.94846E+03 0.00000E+00 0.00000E+00 0.00000E+00 0.00000E+00 0.00000E+00
  0.94909E+03 0.00000E+00 0.00000E+00 0.00000E+00 0.00000E+00 0.00000E+00
  0.94972E+03 0.00000E+00 0.00000E+00 0.00000E+00 0.00000E+00 0.00000E+00
  0.95035E+03 0.00000E+00 0.00000E+00 0.00000E+00 0.00000E+00 0.00000E+00
  0.95099E+03 0.00000E+00 0.00000E+00 0.32271E-03 0.00000E+00 0.00000E+00
  0.95162E+03 0.00000E+00 0.00000E+00 0.99096E-03 0.00000E+00 0.00000E+00
  0.95225E+03 0.00000E+00 0.00000E+00 0.17608E-02 0.76814E-04 0.00000E+00
  0.95289E+03 0.00000E+00 0.00000E+00 0.26411E-02 0.98602E-04 0.00000E+00
  0.95353E+03 0.00000E+00 0.00000E+00 0.36288E-02 0.12318E-03 0.00000E+00
  0.95416E+03 0.00000E+00 0.00000E+00 0.47454E-02 0.15086E-03 0.00000E+00
  0.95480E+03 0.00000E+00 0.00000E+00 0.60146E-02 0.18210E-03 0.00000E+00
  0.95544E+03 0.00000E+00 0.00000E+00 0.74541E-02 0.21740E-03 0.00000E+00
  0.95608E+03 0.00000E+00 0.00000E+00 0.91186E-02 0.25738E-03 0.00000E+00
  0.95672E+03 0.00000E+00 0.00000E+00 0.10967E-01 0.30253E-03 0.00000E+00
  0.95736E+03 0.00000E+00 0.00000E+00 0.13071E-01 0.35336E-03 0.00000E+00
  0.95800E+03 0.00000E+00 0.00000E+00 0.15465E-01 0.41081E-03 0.00000E+00
  0.95864E+03 0.00000E+00 0.00000E+00 0.18173E-01 0.47564E-03 0.00000E+00
  0.95929E+03 0.00000E+00 0.00000E+00 0.21224E-01 0.54872E-03 0.77592E-04
  0.95993E+03 0.00000E+00 0.00000E+00 0.24685E-01 0.63113E-03 0.89236E-04
  0.96058E+03 0.00000E+00 0.00000E+00 0.28605E-01 0.72416E-03 0.10233E-03
  0.96123E+03 0.00000E+00 0.00000E+00 0.33038E-01 0.82904E-03 0.11705E-03
  0.96187E+03 0.00000E+00 0.00000E+00 0.38055E-01 0.94739E-03 0.13359E-03
  0.96252E+03 0.00000E+00 0.00000E+00 0.43739E-01 0.10810E-02 0.15220E-03
  0.96317E+03 0.00000E+00 0.00000E+00 0.50173E-01 0.12315E-02 0.17313E-03
  0.96382E+03 0.00000E+00 0.00000E+00 0.57439E-01 0.14012E-02 0.19663E-03
  0.96447E+03 0.00000E+00 0.00000E+00 0.65670E-01 0.15924E-02 0.22304E-03
  0.96512E+03 0.00000E+00 0.00000E+00 0.75001E-01 0.18073E-02 0.25266E-03
  0.96577E+03 0.00000E+00 0.00000E+00 0.85475E-01 0.20476E-02 0.28564E-03
  0.96643E+03 0.00000E+00 0.00000E+00 0.97073E-01 0.23140E-02 0.32202E-03
  0.96708E+03 0.00000E+00 0.00000E+00 0.10981E+00 0.26067E-02 0.36185E-03
  0.96774E+03 0.00000E+00 0.00000E+00 0.12373E+00 0.29261E-02 0.40514E-03
  0.96839E+03 0.00000E+00 0.00000E+00 0.13882E+00 0.32720E-02 0.45185E-03
  0.96905E+03 0.00000E+00 0.00000E+00 0.15500E+00 0.36433E-02 0.50179E-03
  0.96971E+03 0.00000E+00 0.00000E+00 0.17220E+00 0.40383E-02 0.55470E-03
  0.97037E+03 0.00000E+00 0.00000E+00 0.19028E+00 0.44541E-02 0.61018E-03
  0.97103E+03 0.00000E+00 0.00000E+00 0.20905E+00 0.48873E-02 0.66771E-03
  0.97169E+03 0.00000E+00 0.00000E+00 0.22832E+00 0.53339E-02 0.72679E-03
  0.97235E+03 0.00000E+00 0.00000E+00 0.24796E+00 0.57894E-02 0.78679E-03
  0.97301E+03 0.00000E+00 0.00000E+00 0.26762E+00 0.62485E-02 0.84697E-03
  0.97367E+03 0.00000E+00 0.00000E+00 0.28712E+00 0.67055E-02 0.90662E-03
  0.97434E+03 0.00000E+00 0.00000E+00 0.30614E+00 0.71543E-02 0.96492E-03
  0.97500E+03 0.00000E+00 0.00000E+00 0.32443E+00 0.75894E-02 0.10211E-02
  0.97567E+03 0.00000E+00 0.00000E+00 0.34169E+00 0.80042E-02 0.10743E-02
  0.97633E+03 0.00000E+00 0.00000E+00 0.35770E+00 0.83926E-02 0.11238E-02
  0.97700E+03 0.00000E+00 0.00000E+00 0.37215E+00 0.87492E-02 0.11690E-02
  0.97767E+03 0.00000E+00 0.00000E+00 0.38494E+00 0.90692E-02 0.12092E-02
  0.97834E+03 0.00000E+00 0.00000E+00 0.39581E+00 0.93487E-02 0.12440E-02
  0.97901E+03 0.00000E+00 0.00000E+00 0.40468E+00 0.95855E-02 0.12731E-02
  0.97968E+03 0.00000E+00 0.00000E+00 0.41154E+00 0.97784E-02 0.12965E-02
  0.98035E+03 0.00000E+00 0.00000E+00 0.41652E+00 0.99286E-02 0.13145E-02
  0.98103E+03 0.00000E+00 0.00000E+00 0.41974E+00 0.10039E-01 0.13275E-02
  0.98170E+03 0.00000E+00 0.00000E+00 0.42137E+00 0.10113E-01 0.13360E-02
  0.98238E+03 0.00000E+00 0.00000E+00 0.42175E+00 0.10157E-01 0.13410E-02
  0.98305E+03 0.00000E+00 0.00000E+00 0.42125E+00 0.10180E-01 0.13435E-02
  0.98373E+03 0.00000E+00 0.00000E+00 0.42027E+00 0.10188E-01 0.13448E-02
  0.98441E+03 0.00000E+00 0.00000E+00 0.41933E+00 0.10194E-01 0.13463E-02
  0.98509E+03 0.00000E+00 0.00000E+00 0.41901E+00 0.10209E-01 0.13497E-02
  0.98577E+03 0.00000E+00 0.00000E+00 0.41985E+00 0.10245E-01 0.13564E-02
  0.98645E+03 0.00000E+00 0.00000E+00 0.42226E+00 0.10313E-01 0.13680E-02
  0.98713E+03 0.00000E+00 0.00000E+00 0.42688E+00 0.10425E-01 0.13859E-02
  0.98781E+03 0.00000E+00 0.00000E+00 0.43416E+00 0.10592E-01 0.14116E-02
  0.98849E+03 0.00000E+00 0.00000E+00 0.44464E+00 0.10824E-01 0.14462E-02
  0.98918E+03 0.00000E+00 0.00000E+00 0.45839E+00 0.11128E-01 0.14905E-02
  0.98986E+03 0.00000E+00 0.00000E+00 0.47557E+00 0.11507E-01 0.15447E-02
  0.99055E+03 0.00000E+00 0.00000E+00 0.49627E+00 0.11961E-01 0.16089E-02
  0.99124E+03 0.00000E+00 0.00000E+00 0.52029E+00 0.12490E-01 0.16826E-02
  0.99193E+03 0.00000E+00 0.00000E+00 0.54725E+00 0.13086E-01 0.17648E-02
  0.99262E+03 0.00000E+00 0.00000E+00 0.57667E+00 0.13742E-01 0.18543E-02
  0.99331E+03 0.00000E+00 0.00000E+00 0.60819E+00 0.14446E-01 0.19495E-02
  0.99400E+03 0.00000E+00 0.00000E+00 0.64100E+00 0.15184E-01 0.20484E-02
  0.99469E+03 0.00000E+00 0.00000E+00 0.67415E+00 0.15938E-01 0.21485E-02
  0.99538E+03 0.00000E+00 0.00000E+00 0.70684E+00 0.16690E-01 0.22474E-02
  0.99608E+03 0.00000E+00 0.00000E+00 0.73823E+00 0.17422E-01 0.23426E-02
  0.99677E+03 0.00000E+00 0.00000E+00 0.76753E+00 0.18113E-01 0.24316E-02
  0.99747E+03 0.00000E+00 0.00000E+00 0.79379E+00 0.18749E-01 0.25124E-02
  0.99816E+03 0.00000E+00 0.00000E+00 0.81645E+00 0.19312E-01 0.25831E-02
  0.99886E+03 0.00000E+00 0.00000E+00 0.83527E+00 0.19794E-01 0.26426E-02
  0.99956E+03 0.00000E+00 0.00000E+00 0.84968E+00 0.20186E-01 0.26901E-02
  0.10003E+04 0.00000E+00 0.00000E+00 0.85990E+00 0.20488E-01 0.27257E-02
  0.10010E+04 0.78668E-07 0.00000E+00 0.86605E+00 0.20702E-01 0.27500E-02
  0.10017E+04 0.00000E+00 0.00000E+00 0.86876E+00 0.20837E-01 0.27647E-02
  0.10024E+04 0.00000E+00 0.00000E+00 0.86862E+00 0.20909E-01 0.27717E-02
  0.10031E+04 0.00000E+00 0.00000E+00 0.86693E+00 0.20936E-01 0.27741E-02
  0.10038E+04 0.00000E+00 0.00000E+00 0.86463E+00 0.20943E-01 0.27749E-02
  0.10045E+04 0.00000E+00 0.00000E+00 0.86281E+00 0.20952E-01 0.27774E-02
  0.10052E+04 0.00000E+00 0.00000E+00 0.86287E+00 0.20991E-01 0.27852E-02
  0.10059E+04 0.84616E-07 0.00000E+00 0.86605E+00 0.21088E-01 0.28020E-02
  0.10066E+04 0.00000E+00 0.00000E+00 0.87343E+00 0.21267E-01 0.28307E-02
  0.10073E+04 0.00000E+00 0.00000E+00 0.88595E+00 0.21550E-01 0.28742E-02
  0.10080E+04 0.00000E+00 0.00000E+00 0.90449E+00 0.21953E-01 0.29343E-02
  0.10087E+04 0.00000E+00 0.00000E+00 0.92905E+00 0.22486E-01 0.30118E-02
  0.10094E+04 0.00000E+00 0.00000E+00 0.95984E+00 0.23152E-01 0.31069E-02
  0.10102E+04 0.84054E-07 0.00000E+00 0.99658E+00 0.23945E-01 0.32184E-02
  0.10109E+04 0.82484E-07 0.00000E+00 0.10382E+01 0.24852E-01 0.33440E-02
  0.10116E+04 0.00000E+00 0.00000E+00 0.10836E+01 0.25850E-01 0.34803E-02
  0.10123E+04 0.00000E+00 0.00000E+00 0.11315E+01 0.26910E-01 0.36234E-02
  0.10130E+04 0.00000E+00 0.00000E+00 0.11800E+01 0.27999E-01 0.37686E-02
  0.10137E+04 0.00000E+00 0.00000E+00 0.12275E+01 0.29083E-01 0.39112E-02
  0.10145E+04 0.00000E+00 0.00000E+00 0.12725E+01 0.30123E-01 0.40463E-02
  0.10152E+04 0.10068E-06 0.00000E+00 0.13128E+01 0.31086E-01 0.41695E-02
  0.10159E+04 0.70981E-07 0.00000E+00 0.13477E+01 0.31940E-01 0.42771E-02
  0.10166E+04 0.00000E+00 0.00000E+00 0.13759E+01 0.32666E-01 0.43666E-02
  0.10174E+04 0.00000E+00 0.00000E+00 0.13972E+01 0.33248E-01 0.44367E-02
  0.10181E+04 0.00000E+00 0.00000E+00 0.14115E+01 0.33683E-01 0.44875E-02
  0.10188E+04 0.00000E+00 0.00000E+00 0.14194E+01 0.33981E-01 0.45207E-02
  0.10195E+04 0.79203E-07 0.00000E+00 0.14221E+01 0.34162E-01 0.45396E-02
  0.10203E+04 0.10960E-06 0.00000E+00 0.14209E+01 0.34254E-01 0.45486E-02
  0.10210E+04 0.00000E+00 0.00000E+00 0.14186E+01 0.34300E-01 0.45535E-02
  0.10217E+04 0.00000E+00 0.00000E+00 0.14166E+01 0.34343E-01 0.45603E-02
  0.10225E+04 0.00000E+00 0.00000E+00 0.14177E+01 0.34432E-01 0.45757E-02
  0.10232E+04 0.00000E+00 0.00000E+00 0.14242E+01 0.34614E-01 0.46057E-02
  0.10239E+04 0.00000E+00 0.00000E+00 0.14375E+01 0.34933E-01 0.46556E-02
  0.10247E+04 0.10842E-06 0.00000E+00 0.14597E+01 0.35421E-01 0.47296E-02
  0.10254E+04 0.10840E-06 0.00000E+00 0.14912E+01 0.36102E-01 0.48300E-02
  0.10261E+04 0.00000E+00 0.00000E+00 0.15324E+01 0.36983E-01 0.49570E-02
  0.10269E+04 0.00000E+00 0.00000E+00 0.15826E+01 0.38058E-01 0.51091E-02
  0.10276E+04 0.00000E+00 0.00000E+00 0.16403E+01 0.39303E-01 0.52822E-02
  0.10283E+04 0.00000E+00 0.00000E+00 0.17038E+01 0.40681E-01 0.54711E-02
  0.10291E+04 0.00000E+00 0.00000E+00 0.17703E+01 0.42143E-01 0.56684E-02
  0.10298E+04 0.13179E-06 0.00000E+00 0.18367E+01 0.43630E-01 0.58661E-02
  0.10306E+04 0.94982E-07 0.00000E+00 0.19001E+01 0.45080E-01 0.60558E-02
  0.10313E+04 0.00000E+00 0.00000E+00 0.19579E+01 0.46434E-01 0.62299E-02
  0.10321E+04 0.00000E+00 0.00000E+00 0.20075E+01 0.47637E-01 0.63819E-02
  0.10328E+04 0.00000E+00 0.00000E+00 0.20470E+01 0.48652E-01 0.65069E-02
  0.10335E+04 0.00000E+00 0.00000E+00 0.20761E+01 0.49453E-01 0.66030E-02
  0.10343E+04 0.10347E-06 0.00000E+00 0.20947E+01 0.50039E-01 0.66706E-02
  0.10350E+04 0.14594E-06 0.00000E+00 0.21038E+01 0.50424E-01 0.67127E-02
  0.10358E+04 0.68106E-07 0.00000E+00 0.21056E+01 0.50646E-01 0.67351E-02
  0.10365E+04 0.00000E+00 0.00000E+00 0.21029E+01 0.50759E-01 0.67462E-02
  0.10373E+04 0.00000E+00 0.00000E+00 0.21003E+01 0.50838E-01 0.67565E-02
  0.10381E+04 0.00000E+00 0.00000E+00 0.21009E+01 0.50958E-01 0.67761E-02
  0.10388E+04 0.00000E+00 0.00000E+00 0.21082E+01 0.51196E-01 0.68147E-02
  0.10396E+04 0.14452E-06 0.00000E+00 0.21258E+01 0.51620E-01 0.68815E-02
  0.10403E+04 0.14729E-06 0.00000E+00 0.21564E+01 0.52288E-01 0.69831E-02
  0.10411E+04 0.00000E+00 0.00000E+00 0.22003E+01 0.53233E-01 0.71225E-02
  0.10418E+04 0.00000E+00 0.00000E+00 0.22585E+01 0.54463E-01 0.73002E-02
  0.10426E+04 0.00000E+00 0.00000E+00 0.23291E+01 0.55965E-01 0.75125E-02
  0.10434E+04 0.00000E+00 0.00000E+00 0.24101E+01 0.57693E-01 0.77524E-02
  0.10441E+04 0.82261E-07 0.00000E+00 0.24972E+01 0.59578E-01 0.80094E-02
  0.10449E+04 0.18047E-06 0.00000E+00 0.25856E+01 0.61530E-01 0.82710E-02
  0.10457E+04 0.13409E-06 0.00000E+00 0.26712E+01 0.63455E-01 0.85242E-02
  0.10464E+04 0.00000E+00 0.00000E+00 0.27484E+01 0.65257E-01 0.87566E-02
  0.10472E+04 0.00000E+00 0.00000E+00 0.28144E+01 0.66852E-01 0.89576E-02
  0.10480E+04 0.00000E+00 0.00000E+00 0.28657E+01 0.68173E-01 0.91199E-02
  0.10487E+04 0.00000E+00 0.00000E+00 0.29015E+01 0.69188E-01 0.92401E-02
  0.10495E+04 0.14671E-06 0.00000E+00 0.29217E+01 0.69899E-01 0.93195E-02
  0.10503E+04 0.20867E-06 0.00000E+00 0.29289E+01 0.70325E-01 0.93646E-02
  0.10510E+04 0.10699E-06 0.00000E+00 0.29279E+01 0.70555E-01 0.93872E-02
  0.10518E+04 0.00000E+00 0.00000E+00 0.29235E+01 0.70690E-01 0.94017E-02
  0.10526E+04 0.00000E+00 0.00000E+00 0.29225E+01 0.70839E-01 0.94247E-02
  0.10534E+04 0.00000E+00 0.00000E+00 0.29299E+01 0.71130E-01 0.94718E-02
  0.10541E+04 0.00000E+00 0.00000E+00 0.29516E+01 0.71672E-01 0.95577E-02
  0.10549E+04 0.22029E-06 0.00000E+00 0.29921E+01 0.72565E-01 0.96943E-02
  0.10557E+04 0.23116E-06 0.00000E+00 0.30540E+01 0.73864E-01 0.98874E-02
  0.10565E+04 0.73559E-07 0.00000E+00 0.31359E+01 0.75583E-01 0.10136E-01
  0.10573E+04 0.00000E+00 0.00000E+00 0.32360E+01 0.77680E-01 0.10432E-01
  0.10580E+04 0.00000E+00 0.00000E+00 0.33486E+01 0.80076E-01 0.10764E-01
  0.10588E+04 0.00000E+00 0.00000E+00 0.34678E+01 0.82647E-01 0.11113E-01
  0.10596E+04 0.16615E-06 0.00000E+00 0.35857E+01 0.85252E-01 0.11459E-01
  0.10604E+04 0.31449E-06 0.00000E+00 0.36945E+01 0.87729E-01 0.11781E-01
  0.10612E+04 0.26384E-06 0.00000E+00 0.37891E+01 0.89948E-01 0.12063E-01
  0.10620E+04 0.00000E+00 0.00000E+00 0.38592E+01 0.91782E-01 0.12286E-01
  0.10628E+04 0.00000E+00 0.00000E+00 0.39071E+01 0.93149E-01 0.12446E-01
  0.10636E+04 0.00000E+00 0.00000E+00 0.39309E+01 0.94055E-01 0.12545E-01
  0.10644E+04 0.93541E-07 0.00000E+00 0.39356E+01 0.94549E-01 0.12594E-01
  0.10651E+04 0.35681E-06 0.00000E+00 0.39283E+01 0.94766E-01 0.12610E-01
  0.10659E+04 0.47207E-06 0.00000E+00 0.39173E+01 0.94854E-01 0.12619E-01
  0.10667E+04 0.36043E-06 0.00000E+00 0.39134E+01 0.95023E-01 0.12648E-01
  0.10675E+04 0.13189E-06 0.00000E+00 0.39269E+01 0.95463E-01 0.12722E-01
  0.10683E+04 0.00000E+00 0.00000E+00 0.39654E+01 0.96356E-01 0.12865E-01
  0.10691E+04 0.12227E-06 0.00000E+00 0.40359E+01 0.97845E-01 0.13092E-01
  0.10699E+04 0.43613E-06 0.00000E+00 0.41401E+01 0.99976E-01 0.13407E-01
  0.10707E+04 0.73634E-06 0.00000E+00 0.42733E+01 0.10272E+00 0.13802E-01
  0.10715E+04 0.82369E-06 0.00000E+00 0.44296E+01 0.10598E+00 0.14257E-01
  0.10723E+04 0.67828E-06 0.00000E+00 0.45991E+01 0.10955E+00 0.14746E-01
  0.10731E+04 0.48446E-06 0.00000E+00 0.47670E+01 0.11319E+00 0.15232E-01
  0.10740E+04 0.48560E-06 0.00000E+00 0.49197E+01 0.11664E+00 0.15678E-01
  0.10748E+04 0.78391E-06 0.00000E+00 0.50445E+01 0.11962E+00 0.16052E-01
  0.10756E+04 0.12509E-05 0.00000E+00 0.51328E+01 0.12195E+00 0.16331E-01
  0.10764E+04 0.16296E-05 0.00000E+00 0.51805E+01 0.12352E+00 0.16505E-01
  0.10772E+04 0.17458E-05 0.00000E+00 0.51908E+01 0.12435E+00 0.16581E-01
  0.10780E+04 0.16625E-05 0.00000E+00 0.51705E+01 0.12455E+00 0.16582E-01
  0.10788E+04 0.16397E-05 0.00000E+00 0.51365E+01 0.12437E+00 0.16546E-01
  0.10796E+04 0.19276E-05 0.00000E+00 0.51043E+01 0.12414E+00 0.16518E-01
  0.10805E+04 0.25620E-05 0.00000E+00 0.50939E+01 0.12421E+00 0.16548E-01
  0.10813E+04 0.33306E-05 0.00000E+00 0.51211E+01 0.12493E+00 0.16680E-01
  0.10821E+04 0.39476E-05 0.00000E+00 0.52000E+01 0.12657E+00 0.16947E-01
  0.10829E+04 0.42979E-05 0.00000E+00 0.53363E+01 0.12930E+00 0.17365E-01
  0.10837E+04 0.45502E-05 0.00000E+00 0.55288E+01 0.13313E+00 0.17928E-01
  0.10846E+04 0.50367E-05 0.00000E+00 0.57622E+01 0.13785E+00 0.18599E-01
  0.10854E+04 0.59934E-05 0.00000E+00 0.60169E+01 0.14315E+00 0.19330E-01
  0.10862E+04 0.73701E-05 0.00000E+00 0.62723E+01 0.14858E+00 0.20059E-01
  0.10870E+04 0.88777E-05 0.00000E+00 0.64998E+01 0.15368E+00 0.20720E-01
  0.10879E+04 0.10236E-04 0.00000E+00 0.66792E+01 0.15798E+00 0.21256E-01
  0.10887E+04 0.11433E-04 0.00000E+00 0.67930E+01 0.16115E+00 0.21627E-01
  0.10895E+04 0.12769E-04 0.00000E+00 0.68390E+01 0.16304E+00 0.21823E-01
  0.10903E+04 0.14649E-04 0.67767E-07 0.68214E+01 0.16372E+00 0.21862E-01
  0.10912E+04 0.17274E-04 0.81442E-07 0.67643E+01 0.16348E+00 0.21799E-01
  0.10920E+04 0.20507E-04 0.97188E-07 0.66925E+01 0.16283E+00 0.21705E-01
  0.10928E+04 0.24008E-04 0.11532E-06 0.66430E+01 0.16240E+00 0.21670E-01
  0.10937E+04 0.27568E-04 0.13618E-06 0.66482E+01 0.16282E+00 0.21779E-01
  0.10945E+04 0.31345E-04 0.16021E-06 0.67339E+01 0.16462E+00 0.22098E-01
  0.10954E+04 0.35817E-04 0.18786E-06 0.69107E+01 0.16818E+00 0.22662E-01
  0.10962E+04 0.41468E-04 0.21970E-06 0.71868E+01 0.17357E+00 0.23473E-01
  0.10970E+04 0.48476E-04 0.25634E-06 0.75366E+01 0.18058E+00 0.24485E-01
  0.10979E+04 0.56650E-04 0.29853E-06 0.79345E+01 0.18871E+00 0.25620E-01
  0.10987E+04 0.65691E-04 0.34710E-06 0.83351E+01 0.19725E+00 0.26775E-01
  0.10996E+04 0.75576E-04 0.40300E-06 0.87011E+01 0.20543E+00 0.27846E-01
  0.11004E+04 0.86768E-04 0.46735E-06 0.89968E+01 0.21257E+00 0.28745E-01
  0.11013E+04 0.99996E-04 0.54141E-06 0.91992E+01 0.21820E+00 0.29425E-01
  0.11021E+04 0.11592E-03 0.62666E-06 0.93176E+01 0.22225E+00 0.29893E-01
  0.11030E+04 0.13479E-03 0.72477E-06 0.93663E+01 0.22504E+00 0.30208E-01
  0.11038E+04 0.15649E-03 0.83770E-06 0.93981E+01 0.22723E+00 0.30481E-01
  0.11047E+04 0.18099E-03 0.96769E-06 0.94590E+01 0.22979E+00 0.30844E-01
  0.11055E+04 0.20871E-03 0.11172E-05 0.96031E+01 0.23370E+00 0.31435E-01
  0.11064E+04 0.24069E-03 0.12894E-05 0.98860E+01 0.23992E+00 0.32374E-01
  0.11072E+04 0.27821E-03 0.14875E-05 0.10324E+02 0.24904E+00 0.33722E-01
  0.11081E+04 0.32235E-03 0.17155E-05 0.10919E+02 0.26116E+00 0.35470E-01
  0.11090E+04 0.37373E-03 0.19778E-05 0.11636E+02 0.27588E+00 0.37536E-01
  0.11098E+04 0.43280E-03 0.22797E-05 0.12419E+02 0.29227E+00 0.39778E-01
  0.11107E+04 0.50033E-03 0.26271E-05 0.13201E+02 0.30910E+00 0.42017E-01
  0.11116E+04 0.57788E-03 0.30268E-05 0.13903E+02 0.32503E+00 0.44072E-01
  0.11124E+04 0.66773E-03 0.34867E-05 0.14474E+02 0.33892E+00 0.45808E-01
  0.11133E+04 0.77247E-03 0.40159E-05 0.14892E+02 0.35012E+00 0.47156E-01
  0.11142E+04 0.89441E-03 0.46247E-05 0.15158E+02 0.35848E+00 0.48127E-01
  0.11150E+04 0.10356E-02 0.53253E-05 0.15315E+02 0.36453E+00 0.48822E-01
  0.11159E+04 0.11982E-02 0.61313E-05 0.15437E+02 0.36924E+00 0.49393E-01
  0.11168E+04 0.13853E-02 0.70582E-05 0.15575E+02 0.37375E+00 0.49989E-01
  0.11176E+04 0.16014E-02 0.81253E-05 0.15780E+02 0.37895E+00 0.50725E-01
  0.11185E+04 0.18518E-02 0.93521E-05 0.16070E+02 0.38540E+00 0.51653E-01
  0.11194E+04 0.21425E-02 0.10764E-04 0.16436E+02 0.39308E+00 0.52747E-01
  0.11203E+04 0.24795E-02 0.12388E-04 0.16829E+02 0.40149E+00 0.53913E-01
  0.11212E+04 0.28693E-02 0.14256E-04 0.17197E+02 0.40979E+00 0.55026E-01
  0.11220E+04 0.33191E-02 0.16404E-04 0.17486E+02 0.41713E+00 0.55978E-01
  0.11229E+04 0.38383E-02 0.18875E-04 0.17686E+02 0.42307E+00 0.56732E-01
  0.11238E+04 0.44387E-02 0.21717E-04 0.17813E+02 0.42774E+00 0.57330E-01
  0.11247E+04 0.51341E-02 0.24987E-04 0.17909E+02 0.43180E+00 0.57883E-01
  0.11256E+04 0.59398E-02 0.28746E-04 0.18057E+02 0.43635E+00 0.58564E-01
  0.11265E+04 0.68728E-02 0.33070E-04 0.18312E+02 0.44254E+00 0.59513E-01
  0.11273E+04 0.79507E-02 0.38043E-04 0.18708E+02 0.45107E+00 0.60813E-01
  0.11282E+04 0.91964E-02 0.43761E-04 0.19237E+02 0.46218E+00 0.62462E-01
  0.11291E+04 0.10637E-01 0.50337E-04 0.19865E+02 0.47552E+00 0.64397E-01
  0.11300E+04 0.12303E-01 0.57900E-04 0.20566E+02 0.49050E+00 0.66529E-01
  0.11309E+04 0.14231E-01 0.66594E-04 0.21292E+02 0.50630E+00 0.68734E-01
  0.11318E+04 0.16464E-01 0.76591E-04 0.21979E+02 0.52192E+00 0.70876E-01
  0.11327E+04 0.19047E-01 0.88087E-04 0.22605E+02 0.53638E+00 0.72835E-01
  0.11336E+04 0.22034E-01 0.10130E-03 0.23099E+02 0.54882E+00 0.74486E-01
  0.11345E+04 0.25487E-01 0.11650E-03 0.23426E+02 0.55845E+00 0.75750E-01
  0.11354E+04 0.29480E-01 0.13396E-03 0.23583E+02 0.56527E+00 0.76653E-01
  0.11363E+04 0.34100E-01 0.15405E-03 0.23612E+02 0.57027E+00 0.77385E-01
  0.11372E+04 0.39447E-01 0.17713E-03 0.23721E+02 0.57588E+00 0.78354E-01
  0.11381E+04 0.45633E-01 0.20367E-03 0.24091E+02 0.58537E+00 0.80004E-01
  0.11390E+04 0.52789E-01 0.23417E-03 0.24884E+02 0.60126E+00 0.82654E-01
  0.11399E+04 0.61064E-01 0.26924E-03 0.26120E+02 0.62429E+00 0.86294E-01
  0.11409E+04 0.70636E-01 0.30953E-03 0.27593E+02 0.65203E+00 0.90458E-01
  0.11418E+04 0.81706E-01 0.35585E-03 0.28911E+02 0.67963E+00 0.94381E-01
  0.11427E+04 0.94515E-01 0.40907E-03 0.29757E+02 0.70210E+00 0.97444E-01
  0.11436E+04 0.10933E+00 0.47025E-03 0.30096E+02 0.71773E+00 0.99602E-01
  0.11445E+04 0.12647E+00 0.54055E-03 0.30246E+02 0.72957E+00 0.10149E+00
  0.11454E+04 0.14631E+00 0.62133E-03 0.30707E+02 0.74385E+00 0.10409E+00
  0.11463E+04 0.16924E+00 0.71414E-03 0.31837E+02 0.76625E+00 0.10810E+00
  0.11473E+04 0.19576E+00 0.82079E-03 0.33609E+02 0.79778E+00 0.11341E+00
  0.11482E+04 0.22645E+00 0.94340E-03 0.35478E+02 0.83330E+00 0.11906E+00
  0.11491E+04 0.26195E+00 0.10841E-02 0.36831E+02 0.86436E+00 0.12383E+00
  0.11500E+04 0.30302E+00 0.12459E-02 0.37299E+02 0.88534E+00 0.12716E+00
  0.11510E+04 0.35053E+00 0.14317E-02 0.37231E+02 0.89786E+00 0.12969E+00
  0.11519E+04 0.40549E+00 0.16452E-02 0.37383E+02 0.91112E+00 0.13298E+00
  0.11528E+04 0.46905E+00 0.18904E-02 0.38621E+02 0.93588E+00 0.13853E+00
  0.11538E+04 0.54258E+00 0.21721E-02 0.41003E+02 0.97648E+00 0.14653E+00
  0.11547E+04 0.62763E+00 0.24956E-02 0.43751E+02 0.10262E+01 0.15559E+00
  0.11556E+04 0.72605E+00 0.28672E-02 0.45725E+02 0.10727E+01 0.16390E+00
  0.11566E+04 0.83987E+00 0.32940E-02 0.46634E+02 0.11088E+01 0.17100E+00
  0.11575E+04 0.97148E+00 0.37841E-02 0.47511E+02 0.11402E+01 0.17838E+00
  0.11584E+04 0.11238E+01 0.43469E-02 0.49343E+02 0.11770E+01 0.18743E+00
  0.11594E+04 0.13000E+01 0.49933E-02 0.51684E+02 0.12198E+01 0.19765E+00
  0.11603E+04 0.15038E+01 0.57355E-02 0.53126E+02 0.12589E+01 0.20743E+00
  0.11613E+04 0.17395E+01 0.65880E-02 0.53409E+02 0.12905E+01 0.21692E+00
  0.11622E+04 0.20122E+01 0.75671E-02 0.54528E+02 0.13278E+01 0.22908E+00
  0.11631E+04 0.23277E+01 0.86910E-02 0.58107E+02 0.13893E+01 0.24627E+00
  0.11641E+04 0.26926E+01 0.99820E-02 0.63101E+02 0.14732E+01 0.26714E+00
  0.11650E+04 0.31147E+01 0.11465E-01 0.66997E+02 0.15569E+01 0.28802E+00
  0.11660E+04 0.36029E+01 0.13168E-01 0.68836E+02 0.16205E+01 0.30714E+00
  0.11669E+04 0.41678E+01 0.15125E-01 0.69662E+02 0.16657E+01 0.32594E+00
  0.11679E+04 0.48211E+01 0.17372E-01 0.70704E+02 0.17097E+01 0.34746E+00
  0.11689E+04 0.55769E+01 0.19955E-01 0.73356E+02 0.17732E+01 0.37498E+00
  0.11698E+04 0.64512E+01 0.22922E-01 0.78986E+02 0.18670E+01 0.40986E+00
  0.11708E+04 0.74629E+01 0.26332E-01 0.85069E+02 0.19765E+01 0.44867E+00
  0.11717E+04 0.86328E+01 0.30252E-01 0.87451E+02 0.20728E+01 0.48779E+00
  0.11727E+04 0.99854E+01 0.34759E-01 0.89765E+02 0.21593E+01 0.53137E+00
  0.11737E+04 0.11551E+02 0.39940E-01 0.96640E+02 0.22636E+01 0.58361E+00
  0.11746E+04 0.13362E+02 0.45899E-01 0.10117E+03 0.23736E+01 0.63968E+00
  0.11756E+04 0.15457E+02 0.52753E-01 0.10105E+03 0.24684E+01 0.70015E+00
  0.11766E+04 0.17880E+02 0.60639E-01 0.10768E+03 0.25946E+01 0.77676E+00
  0.11775E+04 0.20683E+02 0.69716E-01 0.12117E+03 0.27844E+01 0.87020E+00
  0.11785E+04 0.23925E+02 0.80191E-01 0.12825E+03 0.29735E+01 0.96854E+00
  0.11795E+04 0.27676E+02 0.92370E-01 0.12952E+03 0.31172E+01 0.10733E+01
  0.11804E+04 0.32341E+02 0.10636E+00 0.13735E+03 0.32686E+01 0.11968E+01
  0.11814E+04 0.37134E+02 0.12193E+00 0.14729E+03 0.34660E+01 0.13383E+01
  0.11824E+04 0.42626E+02 0.13954E+00 0.15390E+03 0.36860E+01 0.14965E+01
  0.11834E+04 0.49150E+02 0.15989E+00 0.16815E+03 0.39401E+01 0.16810E+01
  0.11844E+04 0.56786E+02 0.18323E+00 0.17998E+03 0.42382E+01 0.18907E+01
  0.11853E+04 0.65431E+02 0.20920E+00 0.19448E+03 0.45446E+01 0.21240E+01
  0.11863E+04 0.74507E+02 0.23725E+00 0.20702E+03 0.48704E+01 0.23747E+01
  0.11873E+04 0.84102E+02 0.26751E+00 0.21660E+03 0.52230E+01 0.26493E+01
  0.11883E+04 0.94847E+02 0.30075E+00 0.24848E+03 0.56538E+01 0.29585E+01
  0.11893E+04 0.10688E+03 0.33750E+00 0.25528E+03 0.61273E+01 0.32892E+01
  0.11903E+04 0.12044E+03 0.37779E+00 0.28221E+03 0.66129E+01 0.36581E+01
  0.11913E+04 0.13469E+03 0.42034E+00 0.30678E+03 0.72314E+01 0.40631E+01
  0.11923E+04 0.14857E+03 0.46405E+00 0.33915E+03 0.79521E+01 0.44959E+01
  0.11933E+04 0.16328E+03 0.51048E+00 0.38192E+03 0.87702E+01 0.49578E+01
  0.11943E+04 0.18058E+03 0.56125E+00 0.40964E+03 0.96566E+01 0.54508E+01
  0.11953E+04 0.19854E+03 0.61494E+00 0.44739E+03 0.10648E+02 0.59935E+01
  0.11963E+04 0.21675E+03 0.66958E+00 0.51709E+03 0.11900E+02 0.65911E+01
  0.11973E+04 0.23349E+03 0.72524E+00 0.57599E+03 0.13396E+02 0.72162E+01
  0.11983E+04 0.25347E+03 0.78607E+00 0.64612E+03 0.15025E+02 0.78932E+01
  0.11993E+04 0.27675E+03 0.85238E+00 0.71712E+03 0.17088E+02 0.86763E+01
  0.12003E+04 0.29736E+03 0.92073E+00 0.85218E+03 0.19729E+02 0.95764E+01
  0.12013E+04 0.32037E+03 0.99678E+00 0.98988E+03 0.23067E+02 0.10603E+02
  0.12023E+04 0.35069E+03 0.10884E+01 0.11837E+04 0.27235E+02 0.11856E+02
  0.12033E+04 0.38526E+03 0.11955E+01 0.13975E+04 0.32687E+02 0.13406E+02
  0.12043E+04 0.42221E+03 0.13292E+01 0.17358E+04 0.39950E+02 0.15416E+02
  0.12053E+04 0.48516E+03 0.15091E+01 0.21834E+04 0.49984E+02 0.18101E+02
  0.12064E+04 0.54993E+03 0.17517E+01 0.27872E+04 0.63861E+02 0.21829E+02
  0.12074E+04 0.66745E+03 0.21206E+01 0.36872E+04 0.84054E+02 0.27251E+02
  0.12084E+04 0.83046E+03 0.26884E+01 0.50392E+04 0.11435E+03 0.35607E+02
  0.12094E+04 0.11320E+04 0.36481E+01 0.71536E+04 0.16279E+03 0.49121E+02
  0.12105E+04 0.16090E+04 0.53919E+01 0.11008E+05 0.24666E+03 0.73411E+02
  0.12115E+04 0.27966E+04 0.89454E+01 0.18639E+05 0.40822E+03 0.12107E+03
  0.12125E+04 0.54150E+04 0.17182E+02 0.36768E+05 0.76056E+03 0.22867E+03
  0.12135E+04 0.14382E+05 0.38402E+02 0.94833E+05 0.15952E+04 0.49451E+03
  0.12146E+04 0.57169E+05 0.82721E+02 0.36368E+06 0.31728E+04 0.10181E+04
  0.12156E+04 0.12273E+06 0.11650E+03 0.61154E+06 0.51371E+04 0.15527E+04
  0.12166E+04 0.61302E+05 0.88892E+02 0.69418E+06 0.57328E+04 0.15062E+04
  0.12177E+04 0.16731E+05 0.43967E+02 0.20059E+06 0.41112E+04 0.87445E+03
  0.12187E+04 0.59781E+04 0.19822E+02 0.80387E+05 0.21541E+04 0.42695E+03
  0.12198E+04 0.34568E+04 0.97073E+01 0.42288E+05 0.11789E+04 0.22312E+03
  0.12208E+04 0.12586E+04 0.53598E+01 0.24566E+05 0.70988E+03 0.12986E+03
  0.12218E+04 0.12930E+04 0.35057E+01 0.16030E+05 0.45916E+03 0.83733E+02
  0.12229E+04 0.60858E+03 0.24233E+01 0.11316E+05 0.31688E+03 0.57730E+02
  0.12239E+04 0.10174E+04 0.23046E+01 0.78743E+04 0.22887E+03 0.44188E+02
  0.12250E+04 0.42579E+03 0.16594E+01 0.62143E+04 0.17319E+03 0.35556E+02
  0.12260E+04 0.47327E+03 0.14973E+01 0.53899E+04 0.13900E+03 0.27938E+02
  0.12271E+04 0.61815E+03 0.16438E+01 0.43094E+04 0.11526E+03 0.26406E+02
  0.12281E+04 0.33116E+03 0.12815E+01 0.36284E+04 0.97364E+02 0.22770E+02
  0.12292E+04 0.39637E+03 0.11590E+01 0.33771E+04 0.86132E+02 0.19701E+02
  0.12303E+04 0.41045E+03 0.11622E+01 0.33604E+04 0.78621E+02 0.18861E+02
  0.12313E+04 0.38491E+03 0.11281E+01 0.29101E+04 0.70670E+02 0.17445E+02
  0.12324E+04 0.34610E+03 0.10896E+01 0.23915E+04 0.60448E+02 0.15846E+02
  0.12334E+04 0.29698E+03 0.98961E+00 0.18158E+04 0.49232E+02 0.13640E+02
  0.12345E+04 0.26421E+03 0.90083E+00 0.13562E+04 0.38732E+02 0.11758E+02
  0.12356E+04 0.33927E+03 0.86233E+00 0.10274E+04 0.30202E+02 0.10027E+02
  0.12366E+04 0.21620E+03 0.74493E+00 0.75867E+03 0.23720E+02 0.89009E+01
  0.12377E+04 0.12600E+03 0.67781E+00 0.69290E+03 0.19256E+02 0.77244E+01
  0.12388E+04 0.31406E+03 0.85509E+00 0.54129E+03 0.16125E+02 0.78961E+01
  0.12399E+04 0.39370E+03 0.93473E+00 0.48882E+03 0.13510E+02 0.85692E+01
  0.12409E+04 0.20950E+03 0.75914E+00 0.40735E+03 0.11508E+02 0.76637E+01
  0.12420E+04 0.17723E+03 0.58274E+00 0.31864E+03 0.96579E+01 0.60331E+01
  0.12431E+04 0.10972E+03 0.50626E+00 0.30115E+03 0.82850E+01 0.51211E+01
  0.12442E+04 0.19755E+03 0.53096E+00 0.25790E+03 0.72957E+01 0.49170E+01
  0.12453E+04 0.13694E+03 0.53320E+00 0.23452E+03 0.64142E+01 0.49578E+01
  0.12464E+04 0.19039E+03 0.59407E+00 0.20567E+03 0.56535E+01 0.50990E+01
  0.12474E+04 0.23533E+03 0.69540E+00 0.17113E+03 0.49301E+01 0.56523E+01
  0.12485E+04 0.29646E+03 0.72159E+00 0.15572E+03 0.43447E+01 0.59228E+01
  0.12496E+04 0.16434E+03 0.57348E+00 0.14322E+03 0.39379E+01 0.53049E+01
  0.12507E+04 0.11756E+03 0.44480E+00 0.13528E+03 0.36482E+01 0.41539E+01
  0.12518E+04 0.12500E+03 0.38942E+00 0.13955E+03 0.34557E+01 0.35904E+01
  0.12529E+04 0.85123E+02 0.35310E+00 0.12995E+03 0.32344E+01 0.32781E+01
  0.12540E+04 0.12285E+03 0.37701E+00 0.10192E+03 0.28906E+01 0.31899E+01
  0.12551E+04 0.14537E+03 0.39120E+00 0.89786E+02 0.25905E+01 0.33029E+01
  0.12562E+04 0.93460E+02 0.33964E+00 0.10159E+03 0.25030E+01 0.31004E+01
  0.12573E+04 0.77552E+02 0.32291E+00 0.10661E+03 0.25039E+01 0.28483E+01
  0.12584E+04 0.13199E+03 0.37690E+00 0.96126E+02 0.24036E+01 0.30324E+01
  0.12595E+04 0.14641E+03 0.40139E+00 0.85543E+02 0.22171E+01 0.32950E+01
  0.12607E+04 0.10901E+03 0.36671E+00 0.79588E+02 0.20396E+01 0.31557E+01
  0.12618E+04 0.10330E+03 0.34258E+00 0.72829E+02 0.18888E+01 0.29005E+01
  0.12629E+04 0.11493E+03 0.33850E+00 0.65787E+02 0.17561E+01 0.28118E+01
  0.12640E+04 0.10055E+03 0.31390E+00 0.65277E+02 0.16835E+01 0.26861E+01
  0.12651E+04 0.82471E+02 0.28170E+00 0.70785E+02 0.16803E+01 0.24564E+01
  0.12662E+04 0.86592E+02 0.26393E+00 0.72862E+02 0.16719E+01 0.22683E+01
  0.12674E+04 0.79561E+02 0.23475E+00 0.64022E+02 0.15707E+01 0.20649E+01
  0.12685E+04 0.51460E+02 0.18198E+00 0.49937E+02 0.13867E+01 0.17031E+01
  0.12696E+04 0.30843E+02 0.13740E+00 0.42022E+02 0.12314E+01 0.13250E+01
  0.12707E+04 0.29827E+02 0.12559E+00 0.46168E+02 0.11975E+01 0.11547E+01
  0.12719E+04 0.39767E+02 0.13895E+00 0.55482E+02 0.12603E+01 0.12023E+01
  0.12730E+04 0.48736E+02 0.16119E+00 0.58657E+02 0.13076E+01 0.13457E+01
  0.12741E+04 0.59865E+02 0.18385E+00 0.52047E+02 0.12570E+01 0.14913E+01
  0.12753E+04 0.66298E+02 0.19593E+00 0.42042E+02 0.11275E+01 0.15840E+01
  0.12764E+04 0.60757E+02 0.19085E+00 0.36158E+02 0.10090E+01 0.15775E+01
  0.12776E+04 0.52737E+02 0.18069E+00 0.36537E+02 0.96823E+00 0.15148E+01
  0.12787E+04 0.54883E+02 0.18356E+00 0.41986E+02 0.99773E+00 0.15099E+01
  0.12799E+04 0.66107E+02 0.19723E+00 0.45203E+02 0.10443E+01 0.15878E+01
  0.12810E+04 0.70832E+02 0.19884E+00 0.44980E+02 0.10534E+01 0.16268E+01
  0.12822E+04 0.59436E+02 0.17127E+00 0.41322E+02 0.10177E+01 0.14842E+01
  0.12833E+04 0.34796E+02 0.12111E+00 0.37605E+02 0.96018E+00 0.11596E+01
  0.12845E+04 0.12944E+02 0.74771E-01 0.35882E+02 0.91816E+00 0.80009E+00
  0.12856E+04 0.69621E+01 0.55889E-01 0.36435E+02 0.90767E+00 0.59226E+00
  0.12868E+04 0.15858E+02 0.66126E-01 0.38572E+02 0.92195E+00 0.59911E+00
  0.12879E+04 0.28744E+02 0.88419E-01 0.39770E+02 0.94164E+00 0.73475E+00
  0.12891E+04 0.35899E+02 0.10312E+00 0.39880E+02 0.94651E+00 0.85664E+00
  0.12903E+04 0.33618E+02 0.10105E+00 0.38600E+02 0.93203E+00 0.87542E+00
  0.12914E+04 0.25371E+02 0.87275E-01 0.36736E+02 0.90422E+00 0.79754E+00
  0.12926E+04 0.18497E+02 0.75258E-01 0.35203E+02 0.87647E+00 0.70163E+00
  0.12938E+04 0.18856E+02 0.75806E-01 0.34587E+02 0.85800E+00 0.67435E+00
  0.12949E+04 0.26124E+02 0.89529E-01 0.35014E+02 0.85090E+00 0.74516E+00
  0.12961E+04 0.35557E+02 0.10843E+00 0.35438E+02 0.85083E+00 0.87367E+00
  0.12973E+04 0.41944E+02 0.12191E+00 0.35327E+02 0.85130E+00 0.98610E+00
  0.12985E+04 0.41768E+02 0.12288E+00 0.35213E+02 0.84474E+00 0.10220E+01
  0.12996E+04 0.36349E+02 0.11204E+00 0.34068E+02 0.83256E+00 0.96782E+00
  0.13008E+04 0.28834E+02 0.95551E-01 0.33382E+02 0.81659E+00 0.85745E+00
  0.13020E+04 0.22624E+02 0.80197E-01 0.32743E+02 0.80448E+00 0.74045E+00
  0.13032E+04 0.19206E+02 0.70325E-01 0.32648E+02 0.80042E+00 0.65512E+00
  0.13044E+04 0.18956E+02 0.67003E-01 0.33292E+02 0.80509E+00 0.61615E+00
  0.13056E+04 0.20156E+02 0.68011E-01 0.34274E+02 0.81388E+00 0.61410E+00
  0.13068E+04 0.21292E+02 0.70075E-01 0.34504E+02 0.82139E+00 0.62654E+00
  0.13080E+04 0.21681E+02 0.71347E-01 0.34244E+02 0.82146E+00 0.63602E+00
  0.13092E+04 0.21658E+02 0.72091E-01 0.33696E+02 0.81273E+00 0.64044E+00
  0.13104E+04 0.22010E+02 0.73289E-01 0.32671E+02 0.79933E+00 0.64618E+00
  0.13116E+04 0.22801E+02 0.75704E-01 0.32367E+02 0.78621E+00 0.66071E+00
  0.13128E+04 0.24517E+02 0.79629E-01 0.31937E+02 0.77843E+00 0.68619E+00
  0.13140E+04 0.26497E+02 0.84129E-01 0.32152E+02 0.77545E+00 0.71865E+00
  0.13152E+04 0.27790E+02 0.87695E-01 0.32333E+02 0.77281E+00 0.74738E+00
  0.13164E+04 0.28709E+02 0.89319E-01 0.31864E+02 0.76469E+00 0.76236E+00
  0.13176E+04 0.28118E+02 0.88114E-01 0.30957E+02 0.74642E+00 0.75818E+00
  0.13188E+04 0.26596E+02 0.84521E-01 0.29307E+02 0.71915E+00 0.73384E+00
  0.13201E+04 0.24742E+02 0.79940E-01 0.27611E+02 0.68748E+00 0.69894E+00
  0.13213E+04 0.23251E+02 0.75576E-01 0.26344E+02 0.65845E+00 0.66299E+00
  0.13225E+04 0.21950E+02 0.71834E-01 0.25572E+02 0.63765E+00 0.63151E+00
  0.13237E+04 0.20839E+02 0.68850E-01 0.25586E+02 0.62554E+00 0.60582E+00
  0.13250E+04 0.20291E+02 0.66639E-01 0.25503E+02 0.61943E+00 0.58579E+00
  0.13262E+04 0.19744E+02 0.64755E-01 0.25480E+02 0.61269E+00 0.56957E+00
  0.13274E+04 0.19129E+02 0.62821E-01 0.24559E+02 0.60234E+00 0.55314E+00
  0.13287E+04 0.18405E+02 0.60762E-01 0.23902E+02 0.58557E+00 0.53559E+00
  0.13299E+04 0.17598E+02 0.58827E-01 0.22676E+02 0.56809E+00 0.51843E+00
  0.13311E+04 0.17048E+02 0.57681E-01 0.21955E+02 0.55414E+00 0.50628E+00
  0.13324E+04 0.17086E+02 0.57875E-01 0.22021E+02 0.54957E+00 0.50438E+00
  0.13336E+04 0.17690E+02 0.59650E-01 0.22761E+02 0.55550E+00 0.51514E+00
  0.13349E+04 0.19026E+02 0.63081E-01 0.23898E+02 0.56983E+00 0.53903E+00
  0.13361E+04 0.20886E+02 0.67720E-01 0.24816E+02 0.58619E+00 0.57306E+00
  0.13374E+04 0.22796E+02 0.72707E-01 0.25220E+02 0.59873E+00 0.61126E+00
  0.13386E+04 0.24612E+02 0.77240E-01 0.25292E+02 0.60285E+00 0.64656E+00
  0.13399E+04 0.25857E+02 0.80556E-01 0.24804E+02 0.59967E+00 0.67409E+00
  0.13411E+04 0.26402E+02 0.82119E-01 0.24139E+02 0.59246E+00 0.68942E+00
  0.13424E+04 0.26305E+02 0.81720E-01 0.24015E+02 0.58684E+00 0.69101E+00
  0.13437E+04 0.25285E+02 0.79352E-01 0.23987E+02 0.58656E+00 0.67891E+00
  0.13449E+04 0.23864E+02 0.75481E-01 0.24614E+02 0.59246E+00 0.65480E+00
  0.13462E+04 0.21908E+02 0.70629E-01 0.25212E+02 0.60082E+00 0.62265E+00
  0.13475E+04 0.20112E+02 0.65664E-01 0.25741E+02 0.60614E+00 0.58628E+00
  0.13487E+04 0.18461E+02 0.61339E-01 0.25420E+02 0.60400E+00 0.55188E+00
  0.13500E+04 0.17349E+02 0.58123E-01 0.24574E+02 0.59119E+00 0.52289E+00
  0.13513E+04 0.16655E+02 0.56266E-01 0.23312E+02 0.57021E+00 0.50244E+00
  0.13526E+04 0.16642E+02 0.56021E-01 0.21818E+02 0.54518E+00 0.49285E+00
  0.13538E+04 0.17197E+02 0.57368E-01 0.20746E+02 0.52291E+00 0.49590E+00
  0.13551E+04 0.18299E+02 0.59936E-01 0.20313E+02 0.50738E+00 0.51019E+00
  0.13564E+04 0.19575E+02 0.63129E-01 0.20246E+02 0.50167E+00 0.53200E+00
  0.13577E+04 0.20892E+02 0.66362E-01 0.20606E+02 0.50353E+00 0.55664E+00
  0.13590E+04 0.21831E+02 0.68918E-01 0.21034E+02 0.50931E+00 0.57860E+00
  0.13603E+04 0.22385E+02 0.70440E-01 0.21462E+02 0.51389E+00 0.59322E+00
  0.13616E+04 0.22574E+02 0.70799E-01 0.21321E+02 0.51467E+00 0.59874E+00
  0.13629E+04 0.22169E+02 0.69851E-01 0.20972E+02 0.51033E+00 0.59428E+00
  0.13642E+04 0.21356E+02 0.67700E-01 0.20412E+02 0.50337E+00 0.58022E+00
  0.13655E+04 0.20212E+02 0.64651E-01 0.19970E+02 0.49765E+00 0.55901E+00
  0.13668E+04 0.18887E+02 0.61135E-01 0.19930E+02 0.49826E+00 0.53435E+00
  0.13681E+04 0.17561E+02 0.57632E-01 0.20499E+02 0.50851E+00 0.50993E+00
  0.13694E+04 0.16456E+02 0.54637E-01 0.21722E+02 0.53099E+00 0.48966E+00
  0.13707E+04 0.15729E+02 0.52489E-01 0.23561E+02 0.56448E+00 0.47615E+00
  0.13720E+04 0.15330E+02 0.51324E-01 0.25618E+02 0.60739E+00 0.47075E+00
  0.13734E+04 0.15324E+02 0.51160E-01 0.28093E+02 0.65486E+00 0.47323E+00
  0.13747E+04 0.15688E+02 0.51906E-01 0.30263E+02 0.70366E+00 0.48266E+00
  0.13760E+04 0.16230E+02 0.53302E-01 0.32238E+02 0.74987E+00 0.49726E+00
  0.13773E+04 0.16983E+02 0.55051E-01 0.33965E+02 0.79108E+00 0.51435E+00
  0.13787E+04 0.17597E+02 0.56805E-01 0.35213E+02 0.82701E+00 0.53186E+00
  0.13800E+04 0.18183E+02 0.58440E-01 0.36453E+02 0.85854E+00 0.54813E+00
  0.13813E+04 0.18756E+02 0.59816E-01 0.37404E+02 0.88845E+00 0.56273E+00
  0.13827E+04 0.19026E+02 0.60575E-01 0.38755E+02 0.92005E+00 0.57425E+00
  0.13840E+04 0.18992E+02 0.60651E-01 0.40335E+02 0.95659E+00 0.58150E+00
  0.13853E+04 0.18808E+02 0.60246E-01 0.42495E+02 0.10007E+01 0.58589E+00
  0.13867E+04 0.18563E+02 0.59469E-01 0.44843E+02 0.10534E+01 0.58828E+00
  0.13880E+04 0.18138E+02 0.58418E-01 0.47893E+02 0.11122E+01 0.58923E+00
  0.13894E+04 0.17703E+02 0.57270E-01 0.50737E+02 0.11745E+01 0.58913E+00
  0.13907E+04 0.17280E+02 0.56217E-01 0.53582E+02 0.12336E+01 0.58857E+00
  0.13921E+04 0.17036E+02 0.55434E-01 0.55850E+02 0.12836E+01 0.58797E+00
  0.13935E+04 0.16845E+02 0.54952E-01 0.57210E+02 0.13172E+01 0.58711E+00
  0.13948E+04 0.16837E+02 0.54770E-01 0.57401E+02 0.13296E+01 0.58541E+00
  0.13962E+04 0.16849E+02 0.54796E-01 0.56335E+02 0.13168E+01 0.58213E+00
  0.13975E+04 0.16994E+02 0.55091E-01 0.54145E+02 0.12785E+01 0.57722E+00
  0.13989E+04 0.17216E+02 0.55558E-01 0.50895E+02 0.12167E+01 0.57102E+00
  0.14003E+04 0.17379E+02 0.55987E-01 0.46778E+02 0.11352E+01 0.56263E+00
  0.14017E+04 0.17517E+02 0.56280E-01 0.42010E+02 0.10398E+01 0.55189E+00
  0.14030E+04 0.17511E+02 0.56352E-01 0.37205E+02 0.93568E+00 0.53901E+00
  0.14044E+04 0.17469E+02 0.56247E-01 0.32369E+02 0.82904E+00 0.52463E+00
  0.14058E+04 0.17462E+02 0.55955E-01 0.27671E+02 0.72463E+00 0.50929E+00
  0.14072E+04 0.17187E+02 0.55370E-01 0.23462E+02 0.62562E+00 0.49320E+00
  0.14086E+04 0.16938E+02 0.54650E-01 0.19672E+02 0.53477E+00 0.47661E+00
  0.14100E+04 0.16678E+02 0.53869E-01 0.16375E+02 0.45288E+00 0.46077E+00
  0.14114E+04 0.16347E+02 0.53046E-01 0.13452E+02 0.38087E+00 0.44583E+00
  0.14128E+04 0.16101E+02 0.52300E-01 0.10982E+02 0.31808E+00 0.43225E+00
  0.14141E+04 0.15853E+02 0.51649E-01 0.89657E+01 0.26425E+00 0.42061E+00
  0.14155E+04 0.15726E+02 0.51115E-01 0.72267E+01 0.21865E+00 0.41066E+00
  0.14170E+04 0.15529E+02 0.50681E-01 0.58529E+01 0.18059E+00 0.40259E+00
  0.14184E+04 0.15481E+02 0.50377E-01 0.46827E+01 0.14911E+00 0.39612E+00
  0.14198E+04 0.15389E+02 0.50162E-01 0.38226E+01 0.12363E+00 0.39124E+00
  0.14212E+04 0.15365E+02 0.50054E-01 0.32121E+01 0.10266E+00 0.38769E+00
  0.14226E+04 0.15370E+02 0.50030E-01 0.24698E+01 0.86484E-01 0.38532E+00
  0.14240E+04 0.15384E+02 0.50035E-01 0.21702E+01 0.72876E-01 0.38373E+00
  0.14254E+04 0.15380E+02 0.50024E-01 0.18222E+01 0.62116E-01 0.38239E+00
  0.14269E+04 0.15380E+02 0.50016E-01 0.15807E+01 0.53128E-01 0.38121E+00
  0.14283E+04 0.15362E+02 0.49947E-01 0.13183E+01 0.45515E-01 0.38002E+00
  0.14297E+04 0.15311E+02 0.49863E-01 0.11182E+01 0.39044E-01 0.37854E+00
  0.14311E+04 0.15293E+02 0.49859E-01 0.97601E+00 0.33270E-01 0.37770E+00
  0.14326E+04 0.15311E+02 0.49997E-01 0.70826E+00 0.28429E-01 0.37772E+00
  0.14340E+04 0.15449E+02 0.50340E-01 0.76131E+00 0.24029E-01 0.37925E+00
  0.14355E+04 0.15616E+02 0.50789E-01 0.56025E+00 0.20329E-01 0.38183E+00
  0.14369E+04 0.15746E+02 0.51310E-01 0.46219E+00 0.17113E-01 0.38520E+00
  0.14384E+04 0.15981E+02 0.51978E-01 0.38216E+00 0.14497E-01 0.38945E+00
  0.14398E+04 0.16287E+02 0.52799E-01 0.31580E+00 0.12296E-01 0.39495E+00
  0.14413E+04 0.16590E+02 0.53652E-01 0.26037E+00 0.10446E-01 0.40111E+00
  0.14427E+04 0.16859E+02 0.54478E-01 0.21436E+00 0.88919E-02 0.40721E+00
  0.14442E+04 0.17140E+02 0.55320E-01 0.17602E+00 0.75867E-02 0.41340E+00
  0.14456E+04 0.17452E+02 0.56140E-01 0.14398E+00 0.64887E-02 0.41959E+00
  0.14471E+04 0.17659E+02 0.56866E-01 0.11764E+00 0.55658E-02 0.42534E+00
  0.14486E+04 0.17919E+02 0.57542E-01 0.95571E-01 0.47902E-02 0.43052E+00
  0.14500E+04 0.18080E+02 0.58119E-01 0.77477E-01 0.41353E-02 0.43525E+00
  0.14515E+04 0.18259E+02 0.58586E-01 0.62141E-01 0.35820E-02 0.43907E+00
  0.14530E+04 0.18369E+02 0.58929E-01 0.49504E-01 0.31132E-02 0.44204E+00
  0.14545E+04 0.18441E+02 0.59149E-01 0.39128E-01 0.27164E-02 0.44407E+00
  0.14559E+04 0.18444E+02 0.59243E-01 0.30324E-01 0.23795E-02 0.44523E+00
  0.14574E+04 0.18434E+02 0.59323E-01 0.23180E-01 0.20924E-02 0.44591E+00
  0.14589E+04 0.18520E+02 0.59500E-01 0.16973E-01 0.18478E-02 0.44701E+00
  0.14604E+04 0.18557E+02 0.59685E-01 0.12040E-01 0.16391E-02 0.44852E+00
  0.14619E+04 0.18616E+02 0.59880E-01 0.79974E-02 0.14620E-02 0.44994E+00
  0.14634E+04 0.18726E+02 0.60132E-01 0.47111E-02 0.13108E-02 0.45169E+00
  0.14649E+04 0.18814E+02 0.60396E-01 0.18442E-02 0.11804E-02 0.45369E+00
  0.14664E+04 0.18917E+02 0.60628E-01 0.00000E+00 0.10670E-02 0.45553E+00
  0.14679E+04 0.18984E+02 0.60800E-01 0.00000E+00 0.96958E-03 0.45697E+00
  0.14694E+04 0.19021E+02 0.60919E-01 0.00000E+00 0.88608E-03 0.45804E+00
  0.14709E+04 0.19054E+02 0.60946E-01 0.00000E+00 0.81436E-03 0.45848E+00
  0.14725E+04 0.18999E+02 0.60803E-01 0.00000E+00 0.75244E-03 0.45788E+00
  0.14740E+04 0.18907E+02 0.60506E-01 0.00000E+00 0.69811E-03 0.45600E+00
  0.14755E+04 0.18765E+02 0.60068E-01 0.00000E+00 0.65003E-03 0.45306E+00
  0.14770E+04 0.18567E+02 0.59459E-01 0.00000E+00 0.60909E-03 0.44888E+00
  0.14785E+04 0.18316E+02 0.58672E-01 0.00000E+00 0.57324E-03 0.44332E+00
  0.14801E+04 0.17952E+02 0.57739E-01 0.00000E+00 0.54159E-03 0.43663E+00
  0.14816E+04 0.17657E+02 0.56726E-01 0.00000E+00 0.51281E-03 0.42901E+00
  0.14832E+04 0.17220E+02 0.55591E-01 0.00000E+00 0.48795E-03 0.42074E+00
  0.14847E+04 0.16830E+02 0.54437E-01 0.00000E+00 0.46629E-03 0.41187E+00
  0.14862E+04 0.16460E+02 0.53328E-01 0.00000E+00 0.44714E-03 0.40323E+00
  0.14878E+04 0.16088E+02 0.52275E-01 0.00000E+00 0.43006E-03 0.39497E+00
  0.14893E+04 0.15784E+02 0.51314E-01 0.00000E+00 0.41517E-03 0.38723E+00
  0.14909E+04 0.15482E+02 0.50437E-01 0.00000E+00 0.40178E-03 0.38020E+00
  0.14925E+04 0.15230E+02 0.49643E-01 0.00000E+00 0.38992E-03 0.37375E+00
  0.14940E+04 0.14979E+02 0.48968E-01 0.00000E+00 0.37895E-03 0.36812E+00
  0.14956E+04 0.14824E+02 0.48451E-01 0.00000E+00 0.36849E-03 0.36358E+00
  0.14971E+04 0.14716E+02 0.48057E-01 0.00000E+00 0.35837E-03 0.36003E+00
  0.14987E+04 0.14604E+02 0.47735E-01 0.00000E+00 0.34874E-03 0.35723E+00
  0.15003E+04 0.14532E+02 0.47487E-01 0.00000E+00 0.33982E-03 0.35488E+00
  0.15019E+04 0.14495E+02 0.47298E-01 0.00000E+00 0.33153E-03 0.35308E+00
  0.15034E+04 0.14419E+02 0.47101E-01 0.00000E+00 0.32374E-03 0.35141E+00
  0.15050E+04 0.14372E+02 0.46886E-01 0.00000E+00 0.31632E-03 0.34955E+00
  0.15066E+04 0.14246E+02 0.46601E-01 0.00000E+00 0.30908E-03 0.34744E+00
  0.15082E+04 0.14154E+02 0.46298E-01 0.00000E+00 0.30236E-03 0.34489E+00
  0.15098E+04 0.14039E+02 0.45975E-01 0.00000E+00 0.29554E-03 0.34237E+00
  0.15114E+04 0.13902E+02 0.45606E-01 0.00000E+00 0.28862E-03 0.33948E+00
  0.15130E+04 0.13756E+02 0.45250E-01 0.00000E+00 0.28200E-03 0.33657E+00
  0.15146E+04 0.13632E+02 0.44944E-01 0.00000E+00 0.27574E-03 0.33395E+00
  0.15162E+04 0.13534E+02 0.44722E-01 0.00000E+00 0.26936E-03 0.33187E+00
  0.15178E+04 0.13484E+02 0.44624E-01 0.00000E+00 0.26298E-03 0.33064E+00
  0.15194E+04 0.13493E+02 0.44692E-01 0.00000E+00 0.25668E-03 0.33054E+00
  0.15211E+04 0.13558E+02 0.44929E-01 0.00000E+00 0.25009E-03 0.33176E+00
  0.15227E+04 0.13670E+02 0.45360E-01 0.00000E+00 0.24347E-03 0.33437E+00
  0.15243E+04 0.13901E+02 0.46071E-01 0.00000E+00 0.23724E-03 0.33885E+00
  0.15259E+04 0.14227E+02 0.47031E-01 0.00000E+00 0.23104E-03 0.34539E+00
  0.15276E+04 0.14575E+02 0.48203E-01 0.00000E+00 0.22479E-03 0.35361E+00
  0.15292E+04 0.15081E+02 0.49650E-01 0.00000E+00 0.21847E-03 0.36369E+00
  0.15308E+04 0.15613E+02 0.51290E-01 0.00000E+00 0.21197E-03 0.37559E+00
  0.15325E+04 0.16201E+02 0.53099E-01 0.00000E+00 0.20540E-03 0.38877E+00
  0.15341E+04 0.16888E+02 0.55074E-01 0.00000E+00 0.19873E-03 0.40324E+00
  0.15358E+04 0.17554E+02 0.57140E-01 0.00000E+00 0.19178E-03 0.41865E+00
  0.15374E+04 0.18264E+02 0.59273E-01 0.00000E+00 0.18508E-03 0.43465E+00
  0.15391E+04 0.18986E+02 0.61447E-01 0.00000E+00 0.17938E-03 0.45101E+00
  0.15407E+04 0.19707E+02 0.63601E-01 0.00000E+00 0.17431E-03 0.46744E+00
  0.15424E+04 0.20368E+02 0.65647E-01 0.00000E+00 0.16924E-03 0.48331E+00
  0.15441E+04 0.20982E+02 0.67580E-01 0.00000E+00 0.16430E-03 0.49832E+00
  0.15457E+04 0.21583E+02 0.69418E-01 0.00000E+00 0.15953E-03 0.51264E+00
  0.15474E+04 0.22131E+02 0.71157E-01 0.00000E+00 0.15509E-03 0.52620E+00
  0.15491E+04 0.22648E+02 0.72795E-01 0.00000E+00 0.15118E-03 0.53903E+00
  0.15508E+04 0.23163E+02 0.74358E-01 0.00000E+00 0.14758E-03 0.55118E+00
  0.15525E+04 0.23588E+02 0.75819E-01 0.00000E+00 0.14420E-03 0.56274E+00
  0.15541E+04 0.24041E+02 0.77234E-01 0.00000E+00 0.14116E-03 0.57368E+00
  0.15558E+04 0.24459E+02 0.78634E-01 0.00000E+00 0.13853E-03 0.58452E+00
  0.15575E+04 0.24907E+02 0.80069E-01 0.00000E+00 0.13606E-03 0.59545E+00
  0.15592E+04 0.25374E+02 0.81530E-01 0.00000E+00 0.13359E-03 0.60664E+00
  0.15609E+04 0.25835E+02 0.83039E-01 0.00000E+00 0.13106E-03 0.61812E+00
  0.15626E+04 0.26350E+02 0.84657E-01 0.00000E+00 0.12832E-03 0.63026E+00
  0.15644E+04 0.26920E+02 0.86429E-01 0.00000E+00 0.12566E-03 0.64349E+00
  0.15661E+04 0.27544E+02 0.88331E-01 0.00000E+00 0.12317E-03 0.65774E+00
  0.15678E+04 0.28202E+02 0.90334E-01 0.00000E+00 0.12070E-03 0.67284E+00
  0.15695E+04 0.28880E+02 0.92438E-01 0.00000E+00 0.11802E-03 0.68871E+00
  0.15712E+04 0.29606E+02 0.94617E-01 0.00000E+00 0.11524E-03 0.70524E+00
  0.15730E+04 0.30349E+02 0.96863E-01 0.00000E+00 0.11218E-03 0.72234E+00
  0.15747E+04 0.31126E+02 0.99157E-01 0.00000E+00 0.10889E-03 0.73987E+00
  0.15764E+04 0.31887E+02 0.10144E+00 0.00000E+00 0.10568E-03 0.75750E+00
  0.15782E+04 0.32638E+02 0.10368E+00 0.00000E+00 0.10278E-03 0.77486E+00
  0.15799E+04 0.33363E+02 0.10580E+00 0.00000E+00 0.10023E-03 0.79155E+00
  0.15817E+04 0.34029E+02 0.10774E+00 0.00000E+00 0.97912E-04 0.80709E+00
  0.15834E+04 0.34602E+02 0.10945E+00 0.00000E+00 0.95761E-04 0.82102E+00
  0.15852E+04 0.35075E+02 0.11088E+00 0.00000E+00 0.93818E-04 0.83291E+00
  0.15870E+04 0.35485E+02 0.11205E+00 0.00000E+00 0.92107E-04 0.84283E+00
  0.15887E+04 0.35799E+02 0.11289E+00 0.00000E+00 0.90807E-04 0.85044E+00
  0.15905E+04 0.35927E+02 0.11333E+00 0.00000E+00 0.89914E-04 0.85517E+00
  0.15923E+04 0.35949E+02 0.11333E+00 0.00000E+00 0.89535E-04 0.85662E+00
  0.15940E+04 0.35815E+02 0.11291E+00 0.00000E+00 0.89508E-04 0.85486E+00
  0.15958E+04 0.35521E+02 0.11205E+00 0.00000E+00 0.89914E-04 0.84977E+00
  0.15976E+04 0.35112E+02 0.11076E+00 0.00000E+00 0.90895E-04 0.84130E+00
  0.15994E+04 0.34537E+02 0.10905E+00 0.00000E+00 0.92472E-04 0.82965E+00
  0.16012E+04 0.33854E+02 0.10694E+00 0.00000E+00 0.94482E-04 0.81483E+00
  0.16030E+04 0.32982E+02 0.10444E+00 0.00000E+00 0.96728E-04 0.79702E+00
  0.16048E+04 0.32095E+02 0.10163E+00 0.00000E+00 0.99299E-04 0.77646E+00
  0.16066E+04 0.31027E+02 0.98460E-01 0.00000E+00 0.10217E-03 0.75344E+00
  0.16084E+04 0.29871E+02 0.95003E-01 0.00000E+00 0.10523E-03 0.72788E+00
  0.16102E+04 0.28669E+02 0.91315E-01 0.00000E+00 0.10824E-03 0.70032E+00
  0.16120E+04 0.27365E+02 0.87411E-01 0.00000E+00 0.11116E-03 0.67109E+00
  0.16138E+04 0.26024E+02 0.83337E-01 0.00000E+00 0.11392E-03 0.64039E+00
  0.16157E+04 0.24622E+02 0.79155E-01 0.00000E+00 0.11631E-03 0.60866E+00
  0.16175E+04 0.23259E+02 0.74953E-01 0.00000E+00 0.11823E-03 0.57648E+00
  0.16193E+04 0.21859E+02 0.70731E-01 0.00000E+00 0.11969E-03 0.54412E+00
  0.16212E+04 0.20474E+02 0.66524E-01 0.00000E+00 0.12060E-03 0.51175E+00
  0.16230E+04 0.19130E+02 0.62377E-01 0.00000E+00 0.12099E-03 0.47963E+00
  0.16249E+04 0.17778E+02 0.58302E-01 0.00000E+00 0.12074E-03 0.44810E+00
  0.16267E+04 0.16500E+02 0.54343E-01 0.00000E+00 0.11980E-03 0.41722E+00
  0.16286E+04 0.15262E+02 0.50525E-01 0.00000E+00 0.11798E-03 0.38739E+00
  0.16304E+04 0.14062E+02 0.46859E-01 0.00000E+00 0.11520E-03 0.35868E+00
  0.16323E+04 0.12951E+02 0.43362E-01 0.00000E+00 0.11147E-03 0.33116E+00
  0.16342E+04 0.11850E+02 0.40006E-01 0.00000E+00 0.10667E-03 0.30488E+00
  0.16360E+04 0.10836E+02 0.36822E-01 0.00000E+00 0.10079E-03 0.27975E+00
  0.16379E+04 0.98609E+01 0.33815E-01 0.00000E+00 0.93805E-04 0.25606E+00
  0.16398E+04 0.89576E+01 0.31000E-01 0.00000E+00 0.85672E-04 0.23377E+00
  0.16417E+04 0.81334E+01 0.28407E-01 0.00000E+00 0.76455E-04 0.21313E+00
  0.16435E+04 0.73830E+01 0.26025E-01 0.00000E+00 0.00000E+00 0.19414E+00
  0.16454E+04 0.67053E+01 0.23818E-01 0.00000E+00 0.00000E+00 0.17659E+00
  0.16473E+04 0.60404E+01 0.21765E-01 0.00000E+00 0.00000E+00 0.16034E+00
  0.16492E+04 0.54640E+01 0.19896E-01 0.00000E+00 0.00000E+00 0.14539E+00
  0.16511E+04 0.49546E+01 0.18193E-01 0.00000E+00 0.00000E+00 0.13183E+00
  0.16531E+04 0.44344E+01 0.16612E-01 0.00000E+00 0.00000E+00 0.11937E+00
  0.16550E+04 0.40081E+01 0.15205E-01 0.00000E+00 0.00000E+00 0.10808E+00
  0.16569E+04 0.36422E+01 0.13953E-01 0.00000E+00 0.00000E+00 0.98089E-01
  0.16588E+04 0.32938E+01 0.12799E-01 0.00000E+00 0.00000E+00 0.89023E-01
  0.16607E+04 0.29739E+01 0.11752E-01 0.00000E+00 0.00000E+00 0.80762E-01
  0.16627E+04 0.27055E+01 0.10822E-01 0.00000E+00 0.00000E+00 0.73412E-01
  0.16646E+04 0.24696E+01 0.99793E-02 0.00000E+00 0.00000E+00 0.66817E-01
  0.16666E+04 0.22280E+01 0.91937E-02 0.00000E+00 0.00000E+00 0.60791E-01
  0.16685E+04 0.20127E+01 0.84745E-02 0.00000E+00 0.00000E+00 0.55249E-01
  0.16705E+04 0.18320E+01 0.78255E-02 0.00000E+00 0.00000E+00 0.50265E-01
  0.16724E+04 0.16563E+01 0.72402E-02 0.00000E+00 0.00000E+00 0.45815E-01
  0.16744E+04 0.15254E+01 0.67269E-02 0.00000E+00 0.00000E+00 0.41872E-01
  0.16763E+04 0.13936E+01 0.62620E-02 0.00000E+00 0.00000E+00 0.38417E-01
  0.16783E+04 0.12754E+01 0.58442E-02 0.00000E+00 0.00000E+00 0.35305E-01
  0.16803E+04 0.11902E+01 0.54848E-02 0.00000E+00 0.00000E+00 0.32613E-01
  0.16823E+04 0.11034E+01 0.51566E-02 0.00000E+00 0.00000E+00 0.30260E-01
  0.16842E+04 0.10230E+01 0.48487E-02 0.00000E+00 0.00000E+00 0.28080E-01
  0.16862E+04 0.94840E+00 0.45612E-02 0.00000E+00 0.00000E+00 0.26065E-01
  0.16882E+04 0.87932E+00 0.42928E-02 0.00000E+00 0.00000E+00 0.24205E-01
  0.16902E+04 0.81517E+00 0.40423E-02 0.00000E+00 0.00000E+00 0.22486E-01
  0.16922E+04 0.75576E+00 0.38083E-02 0.00000E+00 0.00000E+00 0.20896E-01
  0.16942E+04 0.70068E+00 0.35895E-02 0.00000E+00 0.00000E+00 0.19425E-01
  0.16962E+04 0.64960E+00 0.33854E-02 0.00000E+00 0.00000E+00 0.18063E-01
  0.16983E+04 0.60225E+00 0.31944E-02 0.00000E+00 0.00000E+00 0.16803E-01
  0.17003E+04 0.55834E+00 0.30160E-02 0.00000E+00 0.00000E+00 0.15635E-01
  0.17023E+04 0.51764E+00 0.28495E-02 0.00000E+00 0.00000E+00 0.14554E-01
  0.17043E+04 0.47991E+00 0.26938E-02 0.00000E+00 0.00000E+00 0.13553E-01
  0.17064E+04 0.44493E+00 0.25483E-02 0.00000E+00 0.00000E+00 0.12624E-01
  0.17084E+04 0.41249E+00 0.24124E-02 0.00000E+00 0.00000E+00 0.11764E-01
  0.17105E+04 0.38243E+00 0.22853E-02 0.00000E+00 0.00000E+00 0.10967E-01
  0.17125E+04 0.35455E+00 0.21666E-02 0.00000E+00 0.00000E+00 0.10228E-01
  0.17146E+04 0.32870E+00 0.20556E-02 0.00000E+00 0.00000E+00 0.95422E-02
  0.17166E+04 0.30474E+00 0.19520E-02 0.00000E+00 0.00000E+00 0.89061E-02
  0.17187E+04 0.28252E+00 0.18552E-02 0.00000E+00 0.00000E+00 0.83159E-02
  0.17208E+04 0.26193E+00 0.17648E-02 0.00000E+00 0.00000E+00 0.77681E-02
  0.17228E+04 0.24284E+00 0.16803E-02 0.00000E+00 0.00000E+00 0.72597E-02
  0.17249E+04 0.22514E+00 0.16015E-02 0.00000E+00 0.00000E+00 0.67878E-02
  0.17270E+04 0.20872E+00 0.15279E-02 0.00000E+00 0.00000E+00 0.63496E-02
