  697    18       17     3.174021E-03     2.41838E-02
  0.93788E+03 0.00000E+00 0.00000E+00 0.00000E+00 0.00000E+00 0.00000E+00
  0.93849E+03 0.00000E+00 0.00000E+00 0.00000E+00 0.00000E+00 0.00000E+00
  0.93911E+03 0.69817E-07 0.00000E+00 0.00000E+00 0.00000E+00 0.00000E+00
  0.93973E+03 0.86944E-07 0.00000E+00 0.00000E+00 0.00000E+00 0.00000E+00
  0.94035E+03 0.00000E+00 0.00000E+00 0.00000E+00 0.00000E+00 0.00000E+00
  0.94096E+03 0.00000E+00 0.00000E+00 0.00000E+00 0.00000E+00 0.00000E+00
  0.94159E+03 0.00000E+00 0.00000E+00 0.00000E+00 0.00000E+00 0.00000E+00
  0.94221E+03 0.00000E+00 0.00000E+00 0.00000E+00 0.00000E+00 0.00000E+00
  0.94283E+03 0.00000E+00 0.00000E+00 0.00000E+00 0.00000E+00 0.00000E+00
  0.94345E+03 0.88804E-07 0.00000E+00 0.00000E+00 0.00000E+00 0.00000E+00
  0.94407E+03 0.80495E-07 0.00000E+00 0.00000E+00 0.00000E+00 0.00000E+00
  0.94470E+03 0.00000E+00 0.00000E+00 0.00000E+00 0.00000E+00 0.00000E+00
  0.94532E+03 0.00000E+00 0.00000E+00 0.00000E+00 0.00000E+00 0.00000E+00
  0.94595E+03 0.00000E+00 0.00000E+00 0.00000E+00 0.00000E+00 0.00000E+00
  0.94658E+03 0.00000E+00 0.00000E+00 0.00000E+00 0.00000E+00 0.00000E+00
  0.94720E+03 0.00000E+00 0.00000E+00 0.00000E+00 0.00000E+00 0.00000E+00
  0.94783E+03 0.10116E-06 0.00000E+00 0.00000E+00 0.00000E+00 0.00000E+00
  0.94846E+03 0.00000E+00 0.00000E+00 0.00000E+00 0.00000E+00 0.00000E+00
  0.94909E+03 0.00000E+00 0.00000E+00 0.00000E+00 0.00000E+00 0.00000E+00
  0.94972E+03 0.00000E+00 0.00000E+00 0.00000E+00 0.00000E+00 0.00000E+00
  0.95035E+03 0.00000E+00 0.00000E+00 0.00000E+00 0.00000E+00 0.00000E+00
  0.95099E+03 0.00000E+00 0.00000E+00 0.00000E+00 0.00000E+00 0.00000E+00
  0.95162E+03 0.82566E-07 0.00000E+00 0.00000E+00 0.00000E+00 0.00000E+00
  0.95225E+03 0.10467E-06 0.00000E+00 0.00000E+00 0.00000E+00 0.00000E+00
  0.95289E+03 0.00000E+00 0.00000E+00 0.00000E+00 0.00000E+00 0.00000E+00
  0.95353E+03 0.00000E+00 0.00000E+00 0.00000E+00 0.00000E+00 0.00000E+00
  0.95416E+03 0.00000E+00 0.00000E+00 0.00000E+00 0.00000E+00 0.00000E+00
  0.95480E+03 0.00000E+00 0.00000E+00 0.21207E-03 0.00000E+00 0.00000E+00
  0.95544E+03 0.00000E+00 0.00000E+00 0.92526E-03 0.00000E+00 0.00000E+00
  0.95608E+03 0.10615E-06 0.00000E+00 0.17390E-02 0.74507E-04 0.00000E+00
  0.95672E+03 0.97838E-07 0.00000E+00 0.26852E-02 0.97723E-04 0.00000E+00
  0.95736E+03 0.00000E+00 0.00000E+00 0.37607E-02 0.12426E-03 0.00000E+00
  0.95800E+03 0.00000E+00 0.00000E+00 0.50048E-02 0.15458E-03 0.00000E+00
  0.95864E+03 0.00000E+00 0.00000E+00 0.64314E-02 0.18927E-03 0.00000E+00
  0.95929E+03 0.00000E+00 0.00000E+00 0.80745E-02 0.22894E-03 0.00000E+00
  0.95993E+03 0.00000E+00 0.00000E+00 0.99658E-02 0.27431E-03 0.00000E+00
  0.96058E+03 0.12199E-06 0.00000E+00 0.12129E-01 0.32614E-03 0.00000E+00
  0.96123E+03 0.79771E-07 0.00000E+00 0.14619E-01 0.38542E-03 0.00000E+00
  0.96187E+03 0.00000E+00 0.00000E+00 0.17478E-01 0.45316E-03 0.00000E+00
  0.96252E+03 0.00000E+00 0.00000E+00 0.20750E-01 0.53059E-03 0.69834E-04
  0.96317E+03 0.00000E+00 0.00000E+00 0.24517E-01 0.61905E-03 0.81255E-04
  0.96382E+03 0.00000E+00 0.00000E+00 0.28843E-01 0.72017E-03 0.94249E-04
  0.96447E+03 0.98731E-07 0.00000E+00 0.33795E-01 0.83554E-03 0.10902E-03
  0.96512E+03 0.12741E-06 0.00000E+00 0.39471E-01 0.96715E-03 0.12581E-03
  0.96577E+03 0.00000E+00 0.00000E+00 0.46006E-01 0.11171E-02 0.14487E-03
  0.96643E+03 0.00000E+00 0.00000E+00 0.53443E-01 0.12871E-02 0.16638E-03
  0.96708E+03 0.00000E+00 0.00000E+00 0.61840E-01 0.14782E-02 0.19043E-03
  0.96774E+03 0.00000E+00 0.00000E+00 0.71171E-01 0.16908E-02 0.21706E-03
  0.96839E+03 0.00000E+00 0.00000E+00 0.81490E-01 0.19250E-02 0.24627E-03
  0.96905E+03 0.12831E-06 0.00000E+00 0.92722E-01 0.21805E-02 0.27795E-03
  0.96971E+03 0.12026E-06 0.00000E+00 0.10483E+00 0.24558E-02 0.31193E-03
  0.97037E+03 0.00000E+00 0.00000E+00 0.11770E+00 0.27491E-02 0.34793E-03
  0.97103E+03 0.00000E+00 0.00000E+00 0.13118E+00 0.30573E-02 0.38558E-03
  0.97169E+03 0.00000E+00 0.00000E+00 0.14515E+00 0.33774E-02 0.42447E-03
  0.97235E+03 0.00000E+00 0.00000E+00 0.15937E+00 0.37052E-02 0.46409E-03
  0.97301E+03 0.76165E-07 0.00000E+00 0.17366E+00 0.40363E-02 0.50388E-03
  0.97367E+03 0.14894E-06 0.00000E+00 0.18779E+00 0.43657E-02 0.54325E-03
  0.97434E+03 0.99360E-07 0.00000E+00 0.20153E+00 0.46884E-02 0.58159E-03
  0.97500E+03 0.00000E+00 0.00000E+00 0.21462E+00 0.49991E-02 0.61825E-03
  0.97567E+03 0.00000E+00 0.00000E+00 0.22682E+00 0.52923E-02 0.65262E-03
  0.97633E+03 0.00000E+00 0.00000E+00 0.23790E+00 0.55635E-02 0.68416E-03
  0.97700E+03 0.00000E+00 0.00000E+00 0.24775E+00 0.58086E-02 0.71246E-03
  0.97767E+03 0.11950E-06 0.00000E+00 0.25622E+00 0.60248E-02 0.73720E-03
  0.97834E+03 0.15703E-06 0.00000E+00 0.26321E+00 0.62100E-02 0.75819E-03
  0.97901E+03 0.00000E+00 0.00000E+00 0.26875E+00 0.63634E-02 0.77541E-03
  0.97968E+03 0.00000E+00 0.00000E+00 0.27286E+00 0.64857E-02 0.78902E-03
  0.98035E+03 0.00000E+00 0.00000E+00 0.27566E+00 0.65794E-02 0.79938E-03
  0.98103E+03 0.00000E+00 0.00000E+00 0.27743E+00 0.66490E-02 0.80714E-03
  0.98170E+03 0.00000E+00 0.00000E+00 0.27847E+00 0.67004E-02 0.81307E-03
  0.98238E+03 0.15715E-06 0.00000E+00 0.27909E+00 0.67409E-02 0.81808E-03
  0.98305E+03 0.14974E-06 0.00000E+00 0.27972E+00 0.67787E-02 0.82323E-03
  0.98373E+03 0.00000E+00 0.00000E+00 0.28080E+00 0.68241E-02 0.82972E-03
  0.98441E+03 0.00000E+00 0.00000E+00 0.28287E+00 0.68863E-02 0.83885E-03
  0.98509E+03 0.00000E+00 0.00000E+00 0.28639E+00 0.69770E-02 0.85184E-03
  0.98577E+03 0.00000E+00 0.00000E+00 0.29179E+00 0.71056E-02 0.86982E-03
  0.98645E+03 0.91809E-07 0.00000E+00 0.29947E+00 0.72815E-02 0.89380E-03
  0.98713E+03 0.18424E-06 0.00000E+00 0.30974E+00 0.75109E-02 0.92455E-03
  0.98781E+03 0.12539E-06 0.00000E+00 0.32283E+00 0.77991E-02 0.96261E-03
  0.98849E+03 0.00000E+00 0.00000E+00 0.33878E+00 0.81497E-02 0.10081E-02
  0.98918E+03 0.00000E+00 0.00000E+00 0.35752E+00 0.85617E-02 0.10609E-02
  0.98986E+03 0.00000E+00 0.00000E+00 0.37886E+00 0.90313E-02 0.11204E-02
  0.99055E+03 0.00000E+00 0.00000E+00 0.40244E+00 0.95524E-02 0.11857E-02
  0.99124E+03 0.14671E-06 0.00000E+00 0.42780E+00 0.10115E-01 0.12555E-02
  0.99193E+03 0.19628E-06 0.00000E+00 0.45426E+00 0.10708E-01 0.13282E-02
  0.99262E+03 0.83554E-07 0.00000E+00 0.48112E+00 0.11315E-01 0.14020E-02
  0.99331E+03 0.00000E+00 0.00000E+00 0.50769E+00 0.11923E-01 0.14750E-02
  0.99400E+03 0.00000E+00 0.00000E+00 0.53316E+00 0.12512E-01 0.15452E-02
  0.99469E+03 0.00000E+00 0.00000E+00 0.55672E+00 0.13068E-01 0.16105E-02
  0.99538E+03 0.00000E+00 0.00000E+00 0.57764E+00 0.13576E-01 0.16693E-02
  0.99608E+03 0.19532E-06 0.00000E+00 0.59552E+00 0.14022E-01 0.17202E-02
  0.99677E+03 0.18935E-06 0.00000E+00 0.60997E+00 0.14398E-01 0.17625E-02
  0.99747E+03 0.00000E+00 0.00000E+00 0.62080E+00 0.14700E-01 0.17957E-02
  0.99816E+03 0.00000E+00 0.00000E+00 0.62813E+00 0.14928E-01 0.18203E-02
  0.99886E+03 0.00000E+00 0.00000E+00 0.63238E+00 0.15089E-01 0.18370E-02
  0.99956E+03 0.00000E+00 0.00000E+00 0.63416E+00 0.15193E-01 0.18478E-02
  0.10003E+04 0.11233E-06 0.00000E+00 0.63439E+00 0.15258E-01 0.18547E-02
  0.10010E+04 0.23168E-06 0.00000E+00 0.63403E+00 0.15304E-01 0.18603E-02
  0.10017E+04 0.16083E-06 0.00000E+00 0.63418E+00 0.15353E-01 0.18674E-02
  0.10024E+04 0.00000E+00 0.00000E+00 0.63605E+00 0.15430E-01 0.18791E-02
  0.10031E+04 0.00000E+00 0.00000E+00 0.64081E+00 0.15561E-01 0.18984E-02
  0.10038E+04 0.00000E+00 0.00000E+00 0.64961E+00 0.15767E-01 0.19278E-02
  0.10045E+04 0.00000E+00 0.00000E+00 0.66308E+00 0.16068E-01 0.19695E-02
  0.10052E+04 0.18308E-06 0.00000E+00 0.68187E+00 0.16477E-01 0.20246E-02
  0.10059E+04 0.24956E-06 0.00000E+00 0.70629E+00 0.17001E-01 0.20938E-02
  0.10066E+04 0.10969E-06 0.00000E+00 0.73586E+00 0.17638E-01 0.21764E-02
  0.10073E+04 0.00000E+00 0.00000E+00 0.77004E+00 0.18378E-01 0.22708E-02
  0.10080E+04 0.00000E+00 0.00000E+00 0.80806E+00 0.19204E-01 0.23746E-02
  0.10087E+04 0.00000E+00 0.00000E+00 0.84853E+00 0.20092E-01 0.24846E-02
  0.10094E+04 0.00000E+00 0.00000E+00 0.88987E+00 0.21012E-01 0.25969E-02
  0.10102E+04 0.24726E-06 0.00000E+00 0.93034E+00 0.21928E-01 0.27072E-02
  0.10109E+04 0.24368E-06 0.00000E+00 0.96857E+00 0.22807E-01 0.28116E-02
  0.10116E+04 0.00000E+00 0.00000E+00 0.10027E+01 0.23618E-01 0.29062E-02
  0.10123E+04 0.00000E+00 0.00000E+00 0.10317E+01 0.24331E-01 0.29878E-02
  0.10130E+04 0.00000E+00 0.00000E+00 0.10546E+01 0.24927E-01 0.30545E-02
  0.10137E+04 0.00000E+00 0.00000E+00 0.10713E+01 0.25394E-01 0.31055E-02
  0.10145E+04 0.13999E-06 0.00000E+00 0.10817E+01 0.25735E-01 0.31414E-02
  0.10152E+04 0.29675E-06 0.00000E+00 0.10870E+01 0.25962E-01 0.31645E-02
  0.10159E+04 0.21010E-06 0.00000E+00 0.10883E+01 0.26099E-01 0.31779E-02
  0.10166E+04 0.00000E+00 0.00000E+00 0.10874E+01 0.26179E-01 0.31864E-02
  0.10174E+04 0.00000E+00 0.00000E+00 0.10866E+01 0.26246E-01 0.31952E-02
  0.10181E+04 0.00000E+00 0.00000E+00 0.10881E+01 0.26344E-01 0.32099E-02
  0.10188E+04 0.00000E+00 0.00000E+00 0.10939E+01 0.26518E-01 0.32359E-02
  0.10195E+04 0.23293E-06 0.00000E+00 0.11063E+01 0.26811E-01 0.32783E-02
  0.10203E+04 0.32358E-06 0.00000E+00 0.11266E+01 0.27258E-01 0.33405E-02
  0.10210E+04 0.14674E-06 0.00000E+00 0.11556E+01 0.27880E-01 0.34245E-02
  0.10217E+04 0.00000E+00 0.00000E+00 0.11934E+01 0.28682E-01 0.35305E-02
  0.10225E+04 0.00000E+00 0.00000E+00 0.12394E+01 0.29657E-01 0.36565E-02
  0.10232E+04 0.00000E+00 0.00000E+00 0.12916E+01 0.30776E-01 0.37986E-02
  0.10239E+04 0.00000E+00 0.00000E+00 0.13482E+01 0.32001E-01 0.39515E-02
  0.10247E+04 0.31933E-06 0.00000E+00 0.14065E+01 0.33281E-01 0.41084E-02
  0.10254E+04 0.32031E-06 0.00000E+00 0.14634E+01 0.34556E-01 0.42622E-02
  0.10261E+04 0.00000E+00 0.00000E+00 0.15162E+01 0.35769E-01 0.44056E-02
  0.10269E+04 0.00000E+00 0.00000E+00 0.15620E+01 0.36863E-01 0.45324E-02
  0.10276E+04 0.00000E+00 0.00000E+00 0.15990E+01 0.37795E-01 0.46378E-02
  0.10283E+04 0.00000E+00 0.00000E+00 0.16266E+01 0.38540E-01 0.47196E-02
  0.10291E+04 0.17810E-06 0.00000E+00 0.16441E+01 0.39087E-01 0.47775E-02
  0.10298E+04 0.38860E-06 0.00000E+00 0.16529E+01 0.39450E-01 0.48141E-02
  0.10306E+04 0.28075E-06 0.00000E+00 0.16550E+01 0.39664E-01 0.48347E-02
  0.10313E+04 0.00000E+00 0.00000E+00 0.16533E+01 0.39782E-01 0.48464E-02
  0.10321E+04 0.00000E+00 0.00000E+00 0.16517E+01 0.39874E-01 0.48583E-02
  0.10328E+04 0.00000E+00 0.00000E+00 0.16536E+01 0.40015E-01 0.48795E-02
  0.10335E+04 0.00000E+00 0.00000E+00 0.16628E+01 0.40279E-01 0.49190E-02
  0.10343E+04 0.30346E-06 0.00000E+00 0.16825E+01 0.40731E-01 0.49841E-02
  0.10350E+04 0.42987E-06 0.00000E+00 0.17146E+01 0.41420E-01 0.50795E-02
  0.10358E+04 0.20093E-06 0.00000E+00 0.17594E+01 0.42367E-01 0.52068E-02
  0.10365E+04 0.00000E+00 0.00000E+00 0.18169E+01 0.43571E-01 0.53649E-02
  0.10373E+04 0.00000E+00 0.00000E+00 0.18848E+01 0.45003E-01 0.55487E-02
  0.10381E+04 0.00000E+00 0.00000E+00 0.19599E+01 0.46606E-01 0.57503E-02
  0.10388E+04 0.71753E-07 0.00000E+00 0.20382E+01 0.48301E-01 0.59593E-02
  0.10396E+04 0.42319E-06 0.00000E+00 0.21146E+01 0.49999E-01 0.61642E-02
  0.10403E+04 0.43211E-06 0.00000E+00 0.21845E+01 0.51602E-01 0.63536E-02
  0.10411E+04 0.80434E-07 0.00000E+00 0.22440E+01 0.53028E-01 0.65179E-02
  0.10418E+04 0.00000E+00 0.00000E+00 0.22903E+01 0.54211E-01 0.66504E-02
  0.10426E+04 0.00000E+00 0.00000E+00 0.23219E+01 0.55116E-01 0.67480E-02
  0.10434E+04 0.00000E+00 0.00000E+00 0.23399E+01 0.55740E-01 0.68122E-02
  0.10441E+04 0.23345E-06 0.00000E+00 0.23458E+01 0.56117E-01 0.68484E-02
  0.10449E+04 0.52385E-06 0.00000E+00 0.23440E+01 0.56313E-01 0.68663E-02
  0.10457E+04 0.38649E-06 0.00000E+00 0.23398E+01 0.56426E-01 0.68789E-02
  0.10464E+04 0.00000E+00 0.00000E+00 0.23391E+01 0.56569E-01 0.69003E-02
  0.10472E+04 0.00000E+00 0.00000E+00 0.23476E+01 0.56859E-01 0.69448E-02
  0.10480E+04 0.00000E+00 0.00000E+00 0.23706E+01 0.57404E-01 0.70246E-02
  0.10487E+04 0.00000E+00 0.00000E+00 0.24117E+01 0.58282E-01 0.71480E-02
  0.10495E+04 0.40940E-06 0.00000E+00 0.24718E+01 0.59536E-01 0.73180E-02
  0.10503E+04 0.59075E-06 0.00000E+00 0.25503E+01 0.61164E-01 0.75326E-02
  0.10510E+04 0.28698E-06 0.00000E+00 0.26442E+01 0.63117E-01 0.77839E-02
  0.10518E+04 0.00000E+00 0.00000E+00 0.27476E+01 0.65302E-01 0.80583E-02
  0.10526E+04 0.00000E+00 0.00000E+00 0.28535E+01 0.67591E-01 0.83394E-02
  0.10534E+04 0.00000E+00 0.00000E+00 0.29548E+01 0.69838E-01 0.86092E-02
  0.10541E+04 0.96329E-07 0.00000E+00 0.30443E+01 0.71908E-01 0.88506E-02
  0.10549E+04 0.58668E-06 0.00000E+00 0.31155E+01 0.73668E-01 0.90494E-02
  0.10557E+04 0.61080E-06 0.00000E+00 0.31653E+01 0.75028E-01 0.91975E-02
  0.10565E+04 0.13364E-06 0.00000E+00 0.31935E+01 0.75975E-01 0.92941E-02
  0.10573E+04 0.00000E+00 0.00000E+00 0.32026E+01 0.76523E-01 0.93453E-02
  0.10580E+04 0.00000E+00 0.00000E+00 0.31975E+01 0.76767E-01 0.93643E-02
  0.10588E+04 0.00000E+00 0.00000E+00 0.31869E+01 0.76848E-01 0.93702E-02
  0.10596E+04 0.33642E-06 0.00000E+00 0.31796E+01 0.76936E-01 0.93855E-02
  0.10604E+04 0.75359E-06 0.00000E+00 0.31856E+01 0.77227E-01 0.94329E-02
  0.10612E+04 0.57770E-06 0.00000E+00 0.32130E+01 0.77876E-01 0.95321E-02
  0.10620E+04 0.00000E+00 0.00000E+00 0.32676E+01 0.79034E-01 0.96969E-02
  0.10628E+04 0.00000E+00 0.00000E+00 0.33519E+01 0.80752E-01 0.99323E-02
  0.10636E+04 0.00000E+00 0.00000E+00 0.34634E+01 0.83026E-01 0.10234E-01
  0.10644E+04 0.00000E+00 0.00000E+00 0.35970E+01 0.85773E-01 0.10587E-01
  0.10651E+04 0.63157E-06 0.00000E+00 0.37431E+01 0.88832E-01 0.10970E-01
  0.10659E+04 0.91031E-06 0.00000E+00 0.38902E+01 0.91985E-01 0.11355E-01
  0.10667E+04 0.50458E-06 0.00000E+00 0.40250E+01 0.94996E-01 0.11712E-01
  0.10675E+04 0.00000E+00 0.00000E+00 0.41365E+01 0.97635E-01 0.12014E-01
  0.10683E+04 0.00000E+00 0.00000E+00 0.42168E+01 0.99719E-01 0.12243E-01
  0.10691E+04 0.00000E+00 0.00000E+00 0.42623E+01 0.10116E+00 0.12389E-01
  0.10699E+04 0.28148E-06 0.00000E+00 0.42742E+01 0.10195E+00 0.12458E-01
  0.10707E+04 0.10166E-05 0.00000E+00 0.42596E+01 0.10218E+00 0.12466E-01
  0.10715E+04 0.10971E-05 0.00000E+00 0.42310E+01 0.10206E+00 0.12442E-01
  0.10723E+04 0.45789E-06 0.00000E+00 0.42039E+01 0.10188E+00 0.12423E-01
  0.10731E+04 0.00000E+00 0.00000E+00 0.41951E+01 0.10195E+00 0.12450E-01
  0.10740E+04 0.00000E+00 0.00000E+00 0.42213E+01 0.10258E+00 0.12557E-01
  0.10748E+04 0.00000E+00 0.00000E+00 0.42889E+01 0.10400E+00 0.12766E-01
  0.10756E+04 0.93325E-06 0.00000E+00 0.44055E+01 0.10630E+00 0.13089E-01
  0.10764E+04 0.16282E-05 0.00000E+00 0.45656E+01 0.10948E+00 0.13516E-01
  0.10772E+04 0.14778E-05 0.00000E+00 0.47608E+01 0.11340E+00 0.14022E-01
  0.10780E+04 0.65564E-06 0.00000E+00 0.49715E+01 0.11775E+00 0.14567E-01
  0.10788E+04 0.00000E+00 0.00000E+00 0.51778E+01 0.12215E+00 0.15102E-01
  0.10796E+04 0.00000E+00 0.00000E+00 0.53579E+01 0.12620E+00 0.15576E-01
  0.10805E+04 0.99590E-06 0.00000E+00 0.54932E+01 0.12953E+00 0.15948E-01
  0.10813E+04 0.22542E-05 0.00000E+00 0.55748E+01 0.13191E+00 0.16196E-01
  0.10821E+04 0.29048E-05 0.00000E+00 0.56006E+01 0.13323E+00 0.16315E-01
  0.10829E+04 0.25784E-05 0.00000E+00 0.55788E+01 0.13361E+00 0.16327E-01
  0.10837E+04 0.17443E-05 0.00000E+00 0.55288E+01 0.13335E+00 0.16277E-01
  0.10846E+04 0.13573E-05 0.00000E+00 0.54761E+01 0.13289E+00 0.16223E-01
  0.10854E+04 0.20834E-05 0.00000E+00 0.54506E+01 0.13275E+00 0.16233E-01
  0.10862E+04 0.37341E-05 0.00000E+00 0.54765E+01 0.13345E+00 0.16365E-01
  0.10870E+04 0.53974E-05 0.00000E+00 0.55723E+01 0.13536E+00 0.16659E-01
  0.10879E+04 0.61812E-05 0.00000E+00 0.57441E+01 0.13866E+00 0.17129E-01
  0.10887E+04 0.59779E-05 0.00000E+00 0.59825E+01 0.14330E+00 0.17755E-01
  0.10895E+04 0.56020E-05 0.00000E+00 0.62673E+01 0.14895E+00 0.18486E-01
  0.10903E+04 0.61638E-05 0.00000E+00 0.65656E+01 0.15508E+00 0.19251E-01
  0.10912E+04 0.81659E-05 0.00000E+00 0.68410E+01 0.16102E+00 0.19966E-01
  0.10920E+04 0.11077E-04 0.00000E+00 0.70602E+01 0.16617E+00 0.20557E-01
  0.10928E+04 0.13753E-04 0.00000E+00 0.72003E+01 0.17000E+00 0.20970E-01
  0.10937E+04 0.15404E-04 0.00000E+00 0.72538E+01 0.17232E+00 0.21194E-01
  0.10945E+04 0.16309E-04 0.00000E+00 0.72389E+01 0.17324E+00 0.21259E-01
  0.10954E+04 0.17672E-04 0.00000E+00 0.71773E+01 0.17323E+00 0.21232E-01
  0.10962E+04 0.20696E-04 0.00000E+00 0.71184E+01 0.17295E+00 0.21208E-01
  0.10970E+04 0.25626E-04 0.00000E+00 0.71015E+01 0.17327E+00 0.21290E-01
  0.10979E+04 0.31562E-04 0.00000E+00 0.71726E+01 0.17494E+00 0.21571E-01
  0.10987E+04 0.37230E-04 0.00000E+00 0.73539E+01 0.17855E+00 0.22106E-01
  0.10996E+04 0.42126E-04 0.00000E+00 0.76483E+01 0.18427E+00 0.22902E-01
  0.11004E+04 0.47078E-04 0.94678E-07 0.80353E+01 0.19190E+00 0.23915E-01
  0.11013E+04 0.53731E-04 0.13980E-06 0.84758E+01 0.20083E+00 0.25057E-01
  0.11021E+04 0.63334E-04 0.19205E-06 0.89197E+01 0.21024E+00 0.26218E-01
  0.11030E+04 0.75826E-04 0.25253E-06 0.93162E+01 0.21923E+00 0.27289E-01
  0.11038E+04 0.90009E-04 0.32254E-06 0.96329E+01 0.22711E+00 0.28197E-01
  0.11047E+04 0.10471E-03 0.40357E-06 0.98596E+01 0.23353E+00 0.28919E-01
  0.11055E+04 0.12001E-03 0.49737E-06 0.10011E+02 0.23870E+00 0.29498E-01
  0.11064E+04 0.13755E-03 0.60593E-06 0.10141E+02 0.24326E+00 0.30037E-01
  0.11072E+04 0.15956E-03 0.73160E-06 0.10308E+02 0.24825E+00 0.30673E-01
  0.11081E+04 0.18739E-03 0.87702E-06 0.10577E+02 0.25477E+00 0.31540E-01
  0.11090E+04 0.22080E-03 0.10453E-05 0.10986E+02 0.26371E+00 0.32735E-01
  0.11098E+04 0.25859E-03 0.12401E-05 0.11561E+02 0.27556E+00 0.34297E-01
  0.11107E+04 0.30021E-03 0.14655E-05 0.12277E+02 0.29015E+00 0.36177E-01
  0.11116E+04 0.34694E-03 0.17263E-05 0.13083E+02 0.30667E+00 0.38250E-01
  0.11124E+04 0.40182E-03 0.20281E-05 0.13893E+02 0.32377E+00 0.40330E-01
  0.11133E+04 0.46810E-03 0.23772E-05 0.14617E+02 0.33980E+00 0.42210E-01
  0.11142E+04 0.54768E-03 0.27813E-05 0.15172E+02 0.35321E+00 0.43708E-01
  0.11150E+04 0.64075E-03 0.32488E-05 0.15504E+02 0.36290E+00 0.44715E-01
  0.11159E+04 0.74710E-03 0.37896E-05 0.15625E+02 0.36855E+00 0.45234E-01
  0.11168E+04 0.86802E-03 0.44152E-05 0.15571E+02 0.37079E+00 0.45371E-01
  0.11176E+04 0.10075E-02 0.51389E-05 0.15443E+02 0.37095E+00 0.45325E-01
  0.11185E+04 0.11714E-02 0.59761E-05 0.15337E+02 0.37089E+00 0.45337E-01
  0.11194E+04 0.13656E-02 0.69445E-05 0.15376E+02 0.37250E+00 0.45641E-01
  0.11203E+04 0.15939E-02 0.80644E-05 0.15619E+02 0.37725E+00 0.46381E-01
  0.11212E+04 0.18593E-02 0.93602E-05 0.16071E+02 0.38557E+00 0.47569E-01
  0.11220E+04 0.21652E-02 0.10858E-04 0.16675E+02 0.39681E+00 0.49080E-01
  0.11229E+04 0.25182E-02 0.12591E-04 0.17301E+02 0.40931E+00 0.50667E-01
  0.11238E+04 0.29289E-02 0.14595E-04 0.17829E+02 0.42098E+00 0.52070E-01
  0.11247E+04 0.34098E-02 0.16912E-04 0.18168E+02 0.43018E+00 0.53112E-01
  0.11256E+04 0.39739E-02 0.19592E-04 0.18302E+02 0.43632E+00 0.53770E-01
  0.11265E+04 0.46327E-02 0.22690E-04 0.18309E+02 0.44031E+00 0.54215E-01
  0.11273E+04 0.53980E-02 0.26272E-04 0.18369E+02 0.44439E+00 0.54783E-01
  0.11282E+04 0.62849E-02 0.30413E-04 0.18654E+02 0.45136E+00 0.55820E-01
  0.11291E+04 0.73147E-02 0.35201E-04 0.19274E+02 0.46315E+00 0.57517E-01
  0.11300E+04 0.85144E-02 0.40735E-04 0.20181E+02 0.47982E+00 0.59795E-01
  0.11309E+04 0.99164E-02 0.47133E-04 0.21205E+02 0.49921E+00 0.62306E-01
  0.11318E+04 0.11553E-01 0.54528E-04 0.22094E+02 0.51774E+00 0.64564E-01
  0.11327E+04 0.13461E-01 0.63075E-04 0.22623E+02 0.53190E+00 0.66157E-01
  0.11336E+04 0.15678E-01 0.72957E-04 0.22752E+02 0.54007E+00 0.66990E-01
  0.11345E+04 0.18256E-01 0.84372E-04 0.22618E+02 0.54357E+00 0.67339E-01
  0.11354E+04 0.21254E-01 0.97560E-04 0.22514E+02 0.54604E+00 0.67749E-01
  0.11363E+04 0.24749E-01 0.11281E-03 0.22713E+02 0.55204E+00 0.68786E-01
  0.11372E+04 0.28826E-01 0.13043E-03 0.23396E+02 0.56483E+00 0.70790E-01
  0.11381E+04 0.33578E-01 0.15077E-03 0.24519E+02 0.58488E+00 0.73684E-01
  0.11390E+04 0.39111E-01 0.17429E-03 0.25796E+02 0.60953E+00 0.77019E-01
  0.11399E+04 0.45550E-01 0.20145E-03 0.26969E+02 0.63470E+00 0.80277E-01
  0.11409E+04 0.53042E-01 0.23283E-03 0.27857E+02 0.65739E+00 0.83135E-01
  0.11418E+04 0.61765E-01 0.26908E-03 0.28542E+02 0.67693E+00 0.85648E-01
  0.11427E+04 0.71929E-01 0.31094E-03 0.29225E+02 0.69506E+00 0.88111E-01
  0.11436E+04 0.83777E-01 0.35929E-03 0.30037E+02 0.71360E+00 0.90732E-01
  0.11445E+04 0.97574E-01 0.41513E-03 0.30910E+02 0.73228E+00 0.93400E-01
  0.11454E+04 0.11364E+00 0.47961E-03 0.31527E+02 0.74913E+00 0.95789E-01
  0.11463E+04 0.13235E+00 0.55407E-03 0.31852E+02 0.76320E+00 0.97907E-01
  0.11473E+04 0.15413E+00 0.64003E-03 0.32196E+02 0.77795E+00 0.10037E+00
  0.11482E+04 0.17949E+00 0.73925E-03 0.33185E+02 0.79967E+00 0.10407E+00
  0.11491E+04 0.20904E+00 0.85387E-03 0.35021E+02 0.83229E+00 0.10931E+00
  0.11500E+04 0.24346E+00 0.98609E-03 0.37265E+02 0.87221E+00 0.11534E+00
  0.11510E+04 0.28355E+00 0.11387E-02 0.38990E+02 0.90983E+00 0.12075E+00
  0.11519E+04 0.33023E+00 0.13149E-02 0.39677E+02 0.93724E+00 0.12481E+00
  0.11528E+04 0.38458E+00 0.15183E-02 0.39858E+02 0.95632E+00 0.12826E+00
  0.11538E+04 0.44788E+00 0.17529E-02 0.40528E+02 0.97703E+00 0.13260E+00
  0.11547E+04 0.52160E+00 0.20237E-02 0.42178E+02 0.10084E+01 0.13878E+00
  0.11556E+04 0.60747E+00 0.23361E-02 0.44453E+02 0.10503E+01 0.14645E+00
  0.11566E+04 0.70751E+00 0.26965E-02 0.46660E+02 0.10955E+01 0.15452E+00
  0.11575E+04 0.82397E+00 0.31122E-02 0.48221E+02 0.11358E+01 0.16208E+00
  0.11584E+04 0.95964E+00 0.35918E-02 0.49078E+02 0.11683E+01 0.16910E+00
  0.11594E+04 0.11176E+01 0.41450E-02 0.49761E+02 0.11993E+01 0.17676E+00
  0.11603E+04 0.13015E+01 0.47831E-02 0.51658E+02 0.12417E+01 0.18711E+00
  0.11613E+04 0.15158E+01 0.55191E-02 0.55418E+02 0.13030E+01 0.20072E+00
  0.11622E+04 0.17653E+01 0.63680E-02 0.59204E+02 0.13714E+01 0.21521E+00
  0.11631E+04 0.20559E+01 0.73471E-02 0.60662E+02 0.14259E+01 0.22797E+00
  0.11641E+04 0.23944E+01 0.84765E-02 0.60780E+02 0.14652E+01 0.24046E+00
  0.11650E+04 0.27885E+01 0.97797E-02 0.63183E+02 0.15125E+01 0.25661E+00
  0.11660E+04 0.32475E+01 0.11283E-01 0.67437E+02 0.15788E+01 0.27648E+00
  0.11669E+04 0.37821E+01 0.13017E-01 0.69824E+02 0.16458E+01 0.29693E+00
  0.11679E+04 0.44047E+01 0.15019E-01 0.70623E+02 0.17048E+01 0.31866E+00
  0.11689E+04 0.51298E+01 0.17329E-01 0.74398E+02 0.17803E+01 0.34648E+00
  0.11698E+04 0.59743E+01 0.19997E-01 0.81530E+02 0.18850E+01 0.38063E+00
  0.11708E+04 0.69581E+01 0.23077E-01 0.85732E+02 0.19871E+01 0.41533E+00
  0.11717E+04 0.81030E+01 0.26636E-01 0.85861E+02 0.20597E+01 0.44980E+00
  0.11727E+04 0.94373E+01 0.30747E-01 0.88622E+02 0.21313E+01 0.49087E+00
  0.11737E+04 0.10990E+02 0.35499E-01 0.94840E+02 0.22363E+01 0.54156E+00
  0.11746E+04 0.12800E+02 0.40993E-01 0.10010E+03 0.23651E+01 0.59994E+00
  0.11756E+04 0.14907E+02 0.47346E-01 0.10703E+03 0.25010E+01 0.66646E+00
  0.11766E+04 0.17361E+02 0.54692E-01 0.11291E+03 0.26365E+01 0.73950E+00
  0.11775E+04 0.20219E+02 0.63189E-01 0.11482E+03 0.27632E+01 0.82049E+00
  0.11785E+04 0.23547E+02 0.73005E-01 0.12400E+03 0.29059E+01 0.91704E+00
  0.11795E+04 0.27424E+02 0.84311E-01 0.13075E+03 0.30799E+01 0.10266E+01
  0.11804E+04 0.31812E+02 0.97459E-01 0.13553E+03 0.32655E+01 0.11534E+01
  0.11814E+04 0.37296E+02 0.11289E+00 0.15255E+03 0.34976E+01 0.13066E+01
  0.11824E+04 0.43542E+02 0.13057E+00 0.16199E+03 0.37444E+01 0.14747E+01
  0.11834E+04 0.50552E+02 0.15043E+00 0.16422E+03 0.39415E+01 0.16550E+01
  0.11844E+04 0.58249E+02 0.17249E+00 0.17375E+03 0.41608E+01 0.18619E+01
  0.11853E+04 0.66856E+02 0.19716E+00 0.19095E+03 0.44724E+01 0.21013E+01
  0.11863E+04 0.76814E+02 0.22505E+00 0.20689E+03 0.48542E+01 0.23731E+01
  0.11873E+04 0.88229E+02 0.25633E+00 0.22947E+03 0.52669E+01 0.26767E+01
  0.11883E+04 0.10075E+03 0.29033E+00 0.24213E+03 0.56824E+01 0.30008E+01
  0.11893E+04 0.11355E+03 0.32618E+00 0.25763E+03 0.60921E+01 0.33466E+01
  0.11903E+04 0.12701E+03 0.36408E+00 0.27674E+03 0.66220E+01 0.37269E+01
  0.11913E+04 0.14165E+03 0.40468E+00 0.32469E+03 0.72666E+01 0.41459E+01
  0.11923E+04 0.15756E+03 0.44813E+00 0.33390E+03 0.79778E+01 0.45816E+01
  0.11933E+04 0.17457E+03 0.49334E+00 0.37406E+03 0.86768E+01 0.50473E+01
  0.11943E+04 0.19055E+03 0.53833E+00 0.40800E+03 0.95645E+01 0.55386E+01
  0.11953E+04 0.20613E+03 0.58392E+00 0.45671E+03 0.10608E+02 0.60536E+01
  0.11963E+04 0.22419E+03 0.63225E+00 0.50389E+03 0.11804E+02 0.65990E+01
  0.11973E+04 0.24266E+03 0.68214E+00 0.56654E+03 0.13179E+02 0.71918E+01
  0.11983E+04 0.26030E+03 0.73133E+00 0.64688E+03 0.14868E+02 0.78242E+01
  0.11993E+04 0.27567E+03 0.78100E+00 0.71076E+03 0.16939E+02 0.85017E+01
  0.12003E+04 0.29622E+03 0.83682E+00 0.85651E+03 0.19530E+02 0.92975E+01
  0.12013E+04 0.31837E+03 0.89867E+00 0.99272E+03 0.22907E+02 0.10231E+02
  0.12023E+04 0.33909E+03 0.96816E+00 0.11633E+04 0.27137E+02 0.11343E+02
  0.12033E+04 0.36826E+03 0.10576E+01 0.14307E+04 0.32700E+02 0.12768E+02
  0.12043E+04 0.41128E+03 0.11779E+01 0.17332E+04 0.40123E+02 0.14647E+02
  0.12053E+04 0.46141E+03 0.13428E+01 0.22111E+04 0.50027E+02 0.17222E+02
  0.12064E+04 0.54466E+03 0.15836E+01 0.27867E+04 0.63971E+02 0.20856E+02
  0.12074E+04 0.66161E+03 0.19488E+01 0.37245E+04 0.83845E+02 0.26236E+02
  0.12084E+04 0.86917E+03 0.25264E+01 0.50251E+04 0.11369E+03 0.34474E+02
  0.12094E+04 0.11678E+04 0.34703E+01 0.71408E+04 0.16142E+03 0.47920E+02
  0.12105E+04 0.17638E+04 0.51140E+01 0.10960E+05 0.24484E+03 0.71362E+02
  0.12115E+04 0.29032E+04 0.82309E+01 0.18595E+05 0.40593E+03 0.11616E+03
  0.12125E+04 0.52944E+04 0.14930E+02 0.36836E+05 0.75630E+03 0.21347E+03
  0.12135E+04 0.13097E+05 0.31515E+02 0.94854E+05 0.15826E+04 0.44835E+03
  0.12146E+04 0.51123E+05 0.67042E+02 0.36392E+06 0.31287E+04 0.91247E+03
  0.12156E+04 0.11140E+06 0.95693E+02 0.58843E+06 0.50861E+04 0.13944E+04
  0.12166E+04 0.56473E+05 0.73932E+02 0.69493E+06 0.56889E+04 0.13687E+04
  0.12177E+04 0.14905E+05 0.36633E+02 0.19982E+06 0.41055E+04 0.79740E+03
  0.12187E+04 0.45045E+04 0.16356E+02 0.81361E+05 0.21468E+04 0.38836E+03
  0.12198E+04 0.16157E+04 0.78228E+01 0.41481E+05 0.11777E+04 0.20347E+03
  0.12208E+04 0.22450E+04 0.45078E+01 0.25344E+05 0.70941E+03 0.11599E+03
  0.12218E+04 0.00000E+00 0.27033E+01 0.15890E+05 0.46164E+03 0.77553E+02
  0.12229E+04 0.11034E+04 0.23608E+01 0.11336E+05 0.31718E+03 0.52654E+02
  0.12239E+04 0.57074E+03 0.17326E+01 0.81212E+04 0.22975E+03 0.41909E+02
  0.12250E+04 0.49912E+03 0.14512E+01 0.60547E+04 0.17280E+03 0.30379E+02
  0.12260E+04 0.61542E+03 0.16201E+01 0.52109E+04 0.13719E+03 0.28655E+02
  0.12271E+04 0.30443E+03 0.11944E+01 0.43830E+04 0.11423E+03 0.23951E+02
  0.12281E+04 0.41448E+03 0.10656E+01 0.36159E+04 0.97033E+02 0.19878E+02
  0.12292E+04 0.44965E+03 0.11754E+01 0.33077E+04 0.85096E+02 0.19150E+02
  0.12303E+04 0.48695E+03 0.11081E+01 0.32677E+04 0.77687E+02 0.18417E+02
  0.12313E+04 0.19675E+03 0.90131E+00 0.30140E+04 0.70657E+02 0.16302E+02
  0.12324E+04 0.36993E+03 0.90496E+00 0.24687E+04 0.61366E+02 0.14274E+02
  0.12334E+04 0.29390E+03 0.91538E+00 0.18458E+04 0.50146E+02 0.13164E+02
  0.12345E+04 0.31551E+03 0.74419E+00 0.14013E+04 0.39245E+02 0.10950E+02
  0.12356E+04 0.12783E+03 0.63479E+00 0.98562E+03 0.30428E+02 0.88810E+01
  0.12366E+04 0.36797E+03 0.84481E+00 0.81564E+03 0.23973E+02 0.89180E+01
  0.12377E+04 0.39775E+03 0.87045E+00 0.68755E+03 0.19597E+02 0.93861E+01
  0.12388E+04 0.13390E+03 0.58128E+00 0.55610E+03 0.16318E+02 0.75446E+01
  0.12399E+04 0.13694E+03 0.44258E+00 0.50044E+03 0.13670E+02 0.54419E+01
  0.12409E+04 0.97993E+02 0.42402E+00 0.38948E+03 0.11569E+02 0.50373E+01
  0.12420E+04 0.19703E+03 0.47921E+00 0.33641E+03 0.97919E+01 0.49108E+01
  0.12431E+04 0.15920E+03 0.55632E+00 0.33526E+03 0.85875E+01 0.55708E+01
  0.12442E+04 0.29721E+03 0.65954E+00 0.24272E+03 0.74825E+01 0.59468E+01
  0.12453E+04 0.26549E+03 0.63443E+00 0.24218E+03 0.64350E+01 0.61041E+01
  0.12464E+04 0.16130E+03 0.43393E+00 0.20978E+03 0.57106E+01 0.48022E+01
  0.12474E+04 0.00000E+00 0.22188E+00 0.15500E+03 0.49391E+01 0.30652E+01
  0.12485E+04 0.41687E+02 0.19274E+00 0.17220E+03 0.44379E+01 0.21970E+01
  0.12496E+04 0.98893E+02 0.25626E+00 0.16656E+03 0.41907E+01 0.25448E+01
  0.12507E+04 0.98068E+02 0.30758E+00 0.13707E+03 0.37949E+01 0.29206E+01
  0.12518E+04 0.14667E+03 0.35430E+00 0.12756E+03 0.33746E+01 0.31980E+01
  0.12529E+04 0.12063E+03 0.34738E+00 0.11086E+03 0.30417E+01 0.32811E+01
  0.12540E+04 0.10873E+03 0.32515E+00 0.10035E+03 0.27708E+01 0.30865E+01
  0.12551E+04 0.11016E+03 0.32737E+00 0.10236E+03 0.26173E+01 0.30309E+01
  0.12562E+04 0.13885E+03 0.32982E+00 0.10094E+03 0.25291E+01 0.30104E+01
  0.12573E+04 0.96058E+02 0.27242E+00 0.98602E+02 0.24084E+01 0.27392E+01
  0.12584E+04 0.44131E+02 0.20606E+00 0.86517E+02 0.22338E+01 0.21816E+01
  0.12595E+04 0.78614E+02 0.20302E+00 0.73783E+02 0.20270E+01 0.19116E+01
  0.12607E+04 0.65931E+02 0.18554E+00 0.71584E+02 0.19036E+01 0.18514E+01
  0.12618E+04 0.35679E+02 0.15692E+00 0.79670E+02 0.18914E+01 0.16401E+01
  0.12629E+04 0.62585E+02 0.16663E+00 0.80509E+02 0.18911E+01 0.15668E+01
  0.12640E+04 0.69249E+02 0.16088E+00 0.73742E+02 0.18193E+01 0.15618E+01
  0.12651E+04 0.19534E+02 0.11016E+00 0.67293E+02 0.17053E+01 0.12722E+01
  0.12662E+04 0.62230E+01 0.94949E-01 0.64312E+02 0.15960E+01 0.10186E+01
  0.12674E+04 0.51992E+02 0.15476E+00 0.58956E+02 0.14995E+01 0.12830E+01
  0.12685E+04 0.94671E+02 0.22252E+00 0.54133E+02 0.14033E+01 0.18139E+01
  0.12696E+04 0.92946E+02 0.24057E+00 0.52081E+02 0.13451E+01 0.21004E+01
  0.12707E+04 0.78485E+02 0.22969E+00 0.55882E+02 0.13442E+01 0.20814E+01
  0.12719E+04 0.80015E+02 0.22109E+00 0.60082E+02 0.13531E+01 0.19969E+01
  0.12730E+04 0.76990E+02 0.20461E+00 0.54848E+02 0.12909E+01 0.18826E+01
  0.12741E+04 0.56878E+02 0.17198E+00 0.40277E+02 0.11383E+01 0.16460E+01
  0.12753E+04 0.42390E+02 0.14392E+00 0.32380E+02 0.99800E+00 0.13819E+01
  0.12764E+04 0.45207E+02 0.13232E+00 0.37465E+02 0.98156E+00 0.12441E+01
  0.12776E+04 0.44218E+02 0.12068E+00 0.49207E+02 0.10682E+01 0.11663E+01
  0.12787E+04 0.30681E+02 0.96342E-01 0.52666E+02 0.11345E+01 0.10043E+01
  0.12799E+04 0.14250E+02 0.69831E-01 0.45212E+02 0.10843E+01 0.77614E+00
  0.12810E+04 0.98772E+01 0.63138E-01 0.33452E+02 0.94894E+00 0.64780E+00
  0.12822E+04 0.23178E+02 0.86050E-01 0.27491E+02 0.83912E+00 0.74401E+00
  0.12833E+04 0.44520E+02 0.12544E+00 0.33587E+02 0.83811E+00 0.10244E+01
  0.12845E+04 0.60663E+02 0.16048E+00 0.41076E+02 0.91667E+00 0.13330E+01
  0.12856E+04 0.68572E+02 0.17906E+00 0.44787E+02 0.97804E+00 0.15323E+01
  0.12868E+04 0.66028E+02 0.17795E+00 0.40486E+02 0.96369E+00 0.15707E+01
  0.12879E+04 0.55732E+02 0.16325E+00 0.33731E+02 0.89204E+00 0.14801E+01
  0.12891E+04 0.48038E+02 0.14924E+00 0.31182E+02 0.83303E+00 0.13647E+01
  0.12903E+04 0.47499E+02 0.14692E+00 0.33520E+02 0.82775E+00 0.13229E+01
  0.12914E+04 0.55095E+02 0.15613E+00 0.36526E+02 0.86091E+00 0.13721E+01
  0.12926E+04 0.62201E+02 0.16370E+00 0.39169E+02 0.89217E+00 0.14385E+01
  0.12938E+04 0.58340E+02 0.15539E+00 0.38232E+02 0.89968E+00 0.14115E+01
  0.12949E+04 0.45074E+02 0.13103E+00 0.35750E+02 0.87776E+00 0.12493E+01
  0.12961E+04 0.30136E+02 0.10306E+00 0.34487E+02 0.84981E+00 0.10272E+01
  0.12973E+04 0.22330E+02 0.85766E-01 0.34225E+02 0.83499E+00 0.85737E+00
  0.12985E+04 0.23886E+02 0.86463E-01 0.34805E+02 0.83019E+00 0.81631E+00
  0.12996E+04 0.33431E+02 0.10251E+00 0.34280E+02 0.82816E+00 0.90406E+00
  0.13008E+04 0.44442E+02 0.12254E+00 0.33793E+02 0.81815E+00 0.10520E+01
  0.13020E+04 0.49754E+02 0.13524E+00 0.33094E+02 0.80488E+00 0.11713E+01
  0.13032E+04 0.49594E+02 0.13691E+00 0.32338E+02 0.79311E+00 0.12113E+01
  0.13044E+04 0.45036E+02 0.13014E+00 0.32591E+02 0.78621E+00 0.11797E+01
  0.13056E+04 0.40439E+02 0.12191E+00 0.32706E+02 0.78201E+00 0.11172E+01
  0.13068E+04 0.38818E+02 0.11745E+00 0.32305E+02 0.77687E+00 0.10723E+01
  0.13080E+04 0.39046E+02 0.11755E+00 0.31259E+02 0.76665E+00 0.10609E+01
  0.13092E+04 0.41547E+02 0.12130E+00 0.31009E+02 0.75779E+00 0.10808E+01
  0.13104E+04 0.44557E+02 0.12530E+00 0.30677E+02 0.75542E+00 0.11113E+01
  0.13116E+04 0.44668E+02 0.12502E+00 0.31917E+02 0.75989E+00 0.11211E+01
  0.13128E+04 0.41443E+02 0.11921E+00 0.32509E+02 0.77166E+00 0.10890E+01
  0.13140E+04 0.37506E+02 0.11046E+00 0.33030E+02 0.77755E+00 0.10249E+01
  0.13152E+04 0.33341E+02 0.10169E+00 0.32581E+02 0.77498E+00 0.95246E+00
  0.13164E+04 0.30714E+02 0.95463E-01 0.31353E+02 0.76280E+00 0.89186E+00
  0.13176E+04 0.29755E+02 0.92946E-01 0.30903E+02 0.74547E+00 0.85906E+00
  0.13188E+04 0.30423E+02 0.94340E-01 0.29387E+02 0.73194E+00 0.85827E+00
  0.13201E+04 0.33062E+02 0.98921E-01 0.30269E+02 0.72301E+00 0.88636E+00
  0.13213E+04 0.35535E+02 0.10479E+00 0.30125E+02 0.71895E+00 0.93079E+00
  0.13225E+04 0.38201E+02 0.11082E+00 0.29581E+02 0.70690E+00 0.97770E+00
  0.13237E+04 0.40485E+02 0.11592E+00 0.28089E+02 0.68627E+00 0.10187E+01
  0.13250E+04 0.41342E+02 0.11919E+00 0.26834E+02 0.65772E+00 0.10473E+01
  0.13262E+04 0.42122E+02 0.12071E+00 0.25036E+02 0.62735E+00 0.10600E+01
  0.13274E+04 0.41886E+02 0.12061E+00 0.24262E+02 0.60237E+00 0.10621E+01
  0.13287E+04 0.41464E+02 0.11944E+00 0.23604E+02 0.58744E+00 0.10547E+01
  0.13299E+04 0.40660E+02 0.11724E+00 0.24149E+02 0.57998E+00 0.10405E+01
  0.13311E+04 0.39473E+02 0.11417E+00 0.23881E+02 0.57612E+00 0.10171E+01
  0.13324E+04 0.37862E+02 0.11030E+00 0.23283E+02 0.56694E+00 0.98678E+00
  0.13336E+04 0.36301E+02 0.10601E+00 0.22665E+02 0.55368E+00 0.94986E+00
  0.13349E+04 0.34613E+02 0.10181E+00 0.21711E+02 0.54196E+00 0.91345E+00
  0.13361E+04 0.33068E+02 0.97398E-01 0.21528E+02 0.53476E+00 0.87655E+00
  0.13374E+04 0.31013E+02 0.92722E-01 0.21870E+02 0.53654E+00 0.83937E+00
  0.13386E+04 0.29349E+02 0.88622E-01 0.22776E+02 0.54695E+00 0.80574E+00
  0.13399E+04 0.28475E+02 0.85780E-01 0.23591E+02 0.56305E+00 0.78059E+00
  0.13411E+04 0.27721E+02 0.84257E-01 0.24513E+02 0.57540E+00 0.76617E+00
  0.13424E+04 0.27836E+02 0.84102E-01 0.24427E+02 0.58186E+00 0.76055E+00
  0.13437E+04 0.28139E+02 0.84860E-01 0.24363E+02 0.58109E+00 0.76349E+00
  0.13449E+04 0.28644E+02 0.86456E-01 0.23625E+02 0.57694E+00 0.77273E+00
  0.13462E+04 0.30010E+02 0.89197E-01 0.23485E+02 0.57412E+00 0.79105E+00
  0.13475E+04 0.31340E+02 0.92513E-01 0.23872E+02 0.57575E+00 0.81706E+00
  0.13487E+04 0.32697E+02 0.95801E-01 0.24325E+02 0.58247E+00 0.84541E+00
  0.13500E+04 0.34064E+02 0.98643E-01 0.25162E+02 0.59198E+00 0.87110E+00
  0.13513E+04 0.34747E+02 0.10057E+00 0.25519E+02 0.59792E+00 0.89060E+00
  0.13526E+04 0.35171E+02 0.10142E+00 0.24821E+02 0.59557E+00 0.89982E+00
  0.13538E+04 0.35039E+02 0.10112E+00 0.24336E+02 0.58163E+00 0.89887E+00
  0.13551E+04 0.34422E+02 0.99590E-01 0.22592E+02 0.56014E+00 0.88706E+00
  0.13564E+04 0.33275E+02 0.96904E-01 0.21490E+02 0.53425E+00 0.86560E+00
  0.13577E+04 0.31955E+02 0.93521E-01 0.20410E+02 0.51348E+00 0.83762E+00
  0.13590E+04 0.30323E+02 0.89826E-01 0.19860E+02 0.50009E+00 0.80756E+00
  0.13603E+04 0.29046E+02 0.86321E-01 0.20226E+02 0.49793E+00 0.77843E+00
  0.13616E+04 0.27625E+02 0.83466E-01 0.20838E+02 0.50424E+00 0.75469E+00
  0.13629E+04 0.27208E+02 0.82173E-01 0.21487E+02 0.51201E+00 0.74023E+00
  0.13642E+04 0.27658E+02 0.82403E-01 0.21566E+02 0.51668E+00 0.73804E+00
  0.13655E+04 0.27896E+02 0.83378E-01 0.21376E+02 0.51441E+00 0.74370E+00
  0.13668E+04 0.28706E+02 0.85157E-01 0.20630E+02 0.50830E+00 0.75455E+00
  0.13681E+04 0.29952E+02 0.87458E-01 0.19949E+02 0.50098E+00 0.77082E+00
  0.13694E+04 0.30773E+02 0.89515E-01 0.20011E+02 0.50114E+00 0.78881E+00
  0.13707E+04 0.31355E+02 0.90801E-01 0.20781E+02 0.51461E+00 0.80368E+00
  0.13720E+04 0.31456E+02 0.91098E-01 0.22487E+02 0.54480E+00 0.81298E+00
  0.13734E+04 0.31206E+02 0.90340E-01 0.24769E+02 0.58870E+00 0.81569E+00
  0.13747E+04 0.30531E+02 0.88439E-01 0.27537E+02 0.64145E+00 0.80980E+00
  0.13760E+04 0.29273E+02 0.85455E-01 0.30309E+02 0.69635E+00 0.79535E+00
  0.13773E+04 0.27518E+02 0.81828E-01 0.32458E+02 0.74723E+00 0.77339E+00
  0.13787E+04 0.26406E+02 0.78377E-01 0.33923E+02 0.78993E+00 0.74883E+00
  0.13800E+04 0.25036E+02 0.75197E-01 0.35422E+02 0.82512E+00 0.72600E+00
  0.13813E+04 0.24086E+02 0.72551E-01 0.36195E+02 0.85699E+00 0.70567E+00
  0.13827E+04 0.23204E+02 0.70677E-01 0.37649E+02 0.88832E+00 0.69179E+00
  0.13840E+04 0.22941E+02 0.69966E-01 0.38929E+02 0.92594E+00 0.68681E+00
  0.13853E+04 0.23459E+02 0.70339E-01 0.41013E+02 0.97087E+00 0.69196E+00
  0.13867E+04 0.23661E+02 0.71238E-01 0.43980E+02 0.10258E+01 0.70479E+00
  0.13880E+04 0.24464E+02 0.72768E-01 0.46790E+02 0.10879E+01 0.72243E+00
  0.13894E+04 0.25178E+02 0.74486E-01 0.49961E+02 0.11534E+01 0.74396E+00
  0.13907E+04 0.25860E+02 0.76090E-01 0.53146E+02 0.12181E+01 0.76466E+00
  0.13921E+04 0.26396E+02 0.77362E-01 0.55800E+02 0.12750E+01 0.78235E+00
  0.13935E+04 0.26791E+02 0.78032E-01 0.57485E+02 0.13185E+01 0.79371E+00
  0.13948E+04 0.26568E+02 0.77971E-01 0.58414E+02 0.13422E+01 0.79758E+00
  0.13962E+04 0.26415E+02 0.77315E-01 0.58103E+02 0.13423E+01 0.79260E+00
  0.13975E+04 0.25866E+02 0.76205E-01 0.56389E+02 0.13164E+01 0.78069E+00
  0.13989E+04 0.25345E+02 0.74980E-01 0.53536E+02 0.12637E+01 0.76355E+00
  0.14003E+04 0.24958E+02 0.73857E-01 0.49579E+02 0.11863E+01 0.74368E+00
  0.14017E+04 0.24523E+02 0.72862E-01 0.44576E+02 0.10901E+01 0.72288E+00
  0.14030E+04 0.24199E+02 0.72111E-01 0.39261E+02 0.97993E+00 0.70223E+00
  0.14044E+04 0.24234E+02 0.71624E-01 0.33800E+02 0.86328E+00 0.68303E+00
  0.14058E+04 0.23856E+02 0.71299E-01 0.28573E+02 0.74669E+00 0.66624E+00
  0.14072E+04 0.24000E+02 0.71353E-01 0.23755E+02 0.63567E+00 0.65271E+00
  0.14086E+04 0.24125E+02 0.71807E-01 0.19379E+02 0.53545E+00 0.64381E+00
  0.14100E+04 0.24622E+02 0.72659E-01 0.15801E+02 0.44566E+00 0.63959E+00
  0.14114E+04 0.25017E+02 0.73377E-01 0.12735E+02 0.36920E+00 0.63738E+00
  0.14128E+04 0.25032E+02 0.73722E-01 0.10419E+02 0.30500E+00 0.63438E+00
  0.14141E+04 0.25155E+02 0.73911E-01 0.82782E+01 0.25118E+00 0.63030E+00
  0.14155E+04 0.25264E+02 0.73789E-01 0.68478E+01 0.20612E+00 0.62540E+00
  0.14170E+04 0.24860E+02 0.73099E-01 0.52728E+01 0.17014E+00 0.61760E+00
  0.14184E+04 0.24385E+02 0.72071E-01 0.43388E+01 0.13978E+00 0.60681E+00
  0.14198E+04 0.24067E+02 0.70954E-01 0.34527E+01 0.11503E+00 0.59511E+00
  0.14212E+04 0.23437E+02 0.69757E-01 0.29574E+01 0.95050E-01 0.58371E+00
  0.14226E+04 0.23159E+02 0.68755E-01 0.23238E+01 0.79128E-01 0.57289E+00
  0.14240E+04 0.22784E+02 0.67943E-01 0.18580E+01 0.66232E-01 0.56442E+00
  0.14254E+04 0.22579E+02 0.67317E-01 0.16701E+01 0.55494E-01 0.55751E+00
  0.14269E+04 0.22441E+02 0.66840E-01 0.14357E+01 0.47406E-01 0.55209E+00
  0.14283E+04 0.22340E+02 0.66418E-01 0.12402E+01 0.40252E-01 0.54750E+00
  0.14297E+04 0.22006E+02 0.66044E-01 0.92100E+00 0.34095E-01 0.54368E+00
  0.14311E+04 0.22121E+02 0.66067E-01 0.79602E+00 0.29034E-01 0.54187E+00
  0.14326E+04 0.22302E+02 0.66303E-01 0.86132E+00 0.24821E-01 0.54281E+00
  0.14340E+04 0.22329E+02 0.66486E-01 0.52151E+00 0.20545E-01 0.54379E+00
  0.14355E+04 0.22504E+02 0.66722E-01 0.43535E+00 0.17325E-01 0.54494E+00
  0.14369E+04 0.22554E+02 0.66898E-01 0.36038E+00 0.14516E-01 0.54614E+00
  0.14384E+04 0.22506E+02 0.66894E-01 0.29653E+00 0.12201E-01 0.54631E+00
  0.14398E+04 0.22474E+02 0.66782E-01 0.24358E+00 0.10318E-01 0.54522E+00
  0.14413E+04 0.22473E+02 0.66721E-01 0.19970E+00 0.87559E-02 0.54425E+00
  0.14427E+04 0.22451E+02 0.66647E-01 0.16345E+00 0.74527E-02 0.54351E+00
  0.14442E+04 0.22308E+02 0.66558E-01 0.13335E+00 0.63613E-02 0.54270E+00
  0.14456E+04 0.22361E+02 0.66689E-01 0.10829E+00 0.54478E-02 0.54300E+00
  0.14471E+04 0.22517E+02 0.67018E-01 0.87688E-01 0.46825E-02 0.54511E+00
  0.14486E+04 0.22728E+02 0.67488E-01 0.70663E-01 0.40399E-02 0.54849E+00
  0.14500E+04 0.22842E+02 0.68139E-01 0.56398E-01 0.34988E-02 0.55352E+00
  0.14515E+04 0.23368E+02 0.69019E-01 0.44655E-01 0.30420E-02 0.55991E+00
  0.14530E+04 0.23550E+02 0.69878E-01 0.34940E-01 0.26569E-02 0.56738E+00
  0.14545E+04 0.23975E+02 0.70839E-01 0.26909E-01 0.23311E-02 0.57490E+00
  0.14559E+04 0.24388E+02 0.71847E-01 0.20259E-01 0.20548E-02 0.58328E+00
  0.14574E+04 0.24754E+02 0.72795E-01 0.14825E-01 0.18210E-02 0.59133E+00
  0.14589E+04 0.25084E+02 0.73586E-01 0.10312E-01 0.16223E-02 0.59844E+00
  0.14604E+04 0.25303E+02 0.74067E-01 0.66471E-02 0.14531E-02 0.60332E+00
  0.14619E+04 0.25239E+02 0.74304E-01 0.35839E-02 0.13083E-02 0.60621E+00
  0.14634E+04 0.25329E+02 0.74466E-01 0.11313E-02 0.11836E-02 0.60785E+00
  0.14649E+04 0.25420E+02 0.74554E-01 0.00000E+00 0.10755E-02 0.60887E+00
  0.14664E+04 0.25291E+02 0.74493E-01 0.00000E+00 0.98163E-03 0.60919E+00
  0.14679E+04 0.25312E+02 0.74432E-01 0.00000E+00 0.90009E-03 0.60864E+00
  0.14694E+04 0.25296E+02 0.74392E-01 0.00000E+00 0.82972E-03 0.60853E+00
  0.14709E+04 0.25260E+02 0.74324E-01 0.00000E+00 0.76855E-03 0.60812E+00
  0.14725E+04 0.25291E+02 0.74195E-01 0.00000E+00 0.71523E-03 0.60740E+00
  0.14740E+04 0.25103E+02 0.74040E-01 0.00000E+00 0.66862E-03 0.60631E+00
  0.14755E+04 0.25203E+02 0.73965E-01 0.00000E+00 0.62710E-03 0.60554E+00
  0.14770E+04 0.25128E+02 0.73789E-01 0.00000E+00 0.59046E-03 0.60446E+00
  0.14785E+04 0.25041E+02 0.73553E-01 0.00000E+00 0.55830E-03 0.60273E+00
  0.14801E+04 0.24946E+02 0.73262E-01 0.00000E+00 0.52984E-03 0.60051E+00
  0.14816E+04 0.24818E+02 0.72869E-01 0.00000E+00 0.50446E-03 0.59756E+00
  0.14832E+04 0.24626E+02 0.72355E-01 0.00000E+00 0.48212E-03 0.59370E+00
  0.14847E+04 0.24473E+02 0.71678E-01 0.00000E+00 0.46225E-03 0.58835E+00
  0.14862E+04 0.24038E+02 0.70704E-01 0.00000E+00 0.44431E-03 0.58123E+00
  0.14878E+04 0.23552E+02 0.69601E-01 0.00000E+00 0.42843E-03 0.57232E+00
  0.14893E+04 0.23283E+02 0.68444E-01 0.00000E+00 0.41464E-03 0.56270E+00
  0.14909E+04 0.22620E+02 0.67067E-01 0.00000E+00 0.40222E-03 0.55204E+00
  0.14925E+04 0.22214E+02 0.65709E-01 0.00000E+00 0.39088E-03 0.54031E+00
  0.14940E+04 0.21622E+02 0.64290E-01 0.00000E+00 0.38044E-03 0.52883E+00
  0.14956E+04 0.21086E+02 0.62882E-01 0.00000E+00 0.37074E-03 0.51678E+00
  0.14971E+04 0.20631E+02 0.61574E-01 0.00000E+00 0.36155E-03 0.50553E+00
  0.14987E+04 0.20181E+02 0.60356E-01 0.00000E+00 0.35269E-03 0.49489E+00
  0.15003E+04 0.19758E+02 0.59354E-01 0.00000E+00 0.34499E-03 0.48581E+00
  0.15019E+04 0.19578E+02 0.58591E-01 0.00000E+00 0.33844E-03 0.47841E+00
  0.15034E+04 0.19348E+02 0.57875E-01 0.00000E+00 0.33189E-03 0.47210E+00
  0.15050E+04 0.19007E+02 0.57156E-01 0.00000E+00 0.32526E-03 0.46582E+00
  0.15066E+04 0.18834E+02 0.56565E-01 0.00000E+00 0.31878E-03 0.46019E+00
  0.15082E+04 0.18651E+02 0.56094E-01 0.00000E+00 0.31239E-03 0.45568E+00
  0.15098E+04 0.18517E+02 0.55742E-01 0.00000E+00 0.30617E-03 0.45213E+00
  0.15114E+04 0.18518E+02 0.55451E-01 0.00000E+00 0.29994E-03 0.44912E+00
  0.15130E+04 0.18300E+02 0.55096E-01 0.00000E+00 0.29385E-03 0.44614E+00
  0.15146E+04 0.18180E+02 0.54761E-01 0.00000E+00 0.28810E-03 0.44298E+00
  0.15162E+04 0.18075E+02 0.54463E-01 0.00000E+00 0.28237E-03 0.44010E+00
  0.15178E+04 0.18030E+02 0.54179E-01 0.00000E+00 0.27667E-03 0.43737E+00
  0.15194E+04 0.17819E+02 0.53813E-01 0.00000E+00 0.27089E-03 0.43440E+00
  0.15211E+04 0.17661E+02 0.53521E-01 0.00000E+00 0.26482E-03 0.43147E+00
  0.15227E+04 0.17619E+02 0.53431E-01 0.00000E+00 0.25898E-03 0.42994E+00
  0.15243E+04 0.17651E+02 0.53490E-01 0.00000E+00 0.25344E-03 0.42977E+00
  0.15259E+04 0.17695E+02 0.53649E-01 0.00000E+00 0.24803E-03 0.43055E+00
  0.15276E+04 0.17766E+02 0.53944E-01 0.00000E+00 0.24233E-03 0.43232E+00
  0.15292E+04 0.17866E+02 0.54430E-01 0.00000E+00 0.23644E-03 0.43567E+00
  0.15308E+04 0.18155E+02 0.55200E-01 0.00000E+00 0.23025E-03 0.44095E+00
  0.15325E+04 0.18518E+02 0.56272E-01 0.00000E+00 0.22400E-03 0.44887E+00
  0.15341E+04 0.19017E+02 0.57655E-01 0.00000E+00 0.21793E-03 0.45923E+00
  0.15358E+04 0.19658E+02 0.59316E-01 0.00000E+00 0.21199E-03 0.47202E+00
  0.15374E+04 0.20342E+02 0.61171E-01 0.00000E+00 0.20605E-03 0.48663E+00
  0.15391E+04 0.21014E+02 0.63106E-01 0.00000E+00 0.19988E-03 0.50244E+00
  0.15407E+04 0.21718E+02 0.65177E-01 0.00000E+00 0.19359E-03 0.51909E+00
  0.15424E+04 0.22619E+02 0.67521E-01 0.00000E+00 0.18733E-03 0.53771E+00
  0.15441E+04 0.23579E+02 0.69946E-01 0.00000E+00 0.18134E-03 0.55760E+00
  0.15457E+04 0.24373E+02 0.72274E-01 0.00000E+00 0.17563E-03 0.57720E+00
  0.15474E+04 0.25174E+02 0.74527E-01 0.00000E+00 0.17026E-03 0.59617E+00
  0.15491E+04 0.25956E+02 0.76672E-01 0.00000E+00 0.16521E-03 0.61439E+00
  0.15508E+04 0.26689E+02 0.78702E-01 0.00000E+00 0.16058E-03 0.63165E+00
  0.15525E+04 0.27332E+02 0.80651E-01 0.00000E+00 0.15648E-03 0.64828E+00
  0.15541E+04 0.28049E+02 0.82498E-01 0.00000E+00 0.15266E-03 0.66400E+00
  0.15558E+04 0.28515E+02 0.84224E-01 0.00000E+00 0.14904E-03 0.67901E+00
  0.15575E+04 0.29265E+02 0.85963E-01 0.00000E+00 0.14575E-03 0.69339E+00
  0.15592E+04 0.29744E+02 0.87539E-01 0.00000E+00 0.14277E-03 0.70726E+00
  0.15609E+04 0.30250E+02 0.89055E-01 0.00000E+00 0.14009E-03 0.72013E+00
  0.15626E+04 0.30767E+02 0.90577E-01 0.00000E+00 0.13767E-03 0.73301E+00
  0.15644E+04 0.31328E+02 0.92066E-01 0.00000E+00 0.13556E-03 0.74557E+00
  0.15661E+04 0.31720E+02 0.93582E-01 0.00000E+00 0.13355E-03 0.75846E+00
  0.15678E+04 0.32413E+02 0.95307E-01 0.00000E+00 0.13152E-03 0.77226E+00
  0.15695E+04 0.33072E+02 0.97215E-01 0.00000E+00 0.12943E-03 0.78793E+00
  0.15712E+04 0.33778E+02 0.99245E-01 0.00000E+00 0.12723E-03 0.80473E+00
  0.15730E+04 0.34646E+02 0.10141E+00 0.00000E+00 0.12499E-03 0.82245E+00
  0.15747E+04 0.35383E+02 0.10364E+00 0.00000E+00 0.12260E-03 0.84127E+00
  0.15764E+04 0.36265E+02 0.10597E+00 0.00000E+00 0.12005E-03 0.86055E+00
  0.15782E+04 0.37138E+02 0.10833E+00 0.00000E+00 0.11732E-03 0.88054E+00
  0.15799E+04 0.38063E+02 0.11069E+00 0.00000E+00 0.11453E-03 0.90043E+00
  0.15817E+04 0.38885E+02 0.11289E+00 0.00000E+00 0.11180E-03 0.91969E+00
  0.15834E+04 0.39614E+02 0.11485E+00 0.00000E+00 0.10915E-03 0.93699E+00
  0.15852E+04 0.40244E+02 0.11654E+00 0.00000E+00 0.10668E-03 0.95241E+00
  0.15870E+04 0.40751E+02 0.11795E+00 0.00000E+00 0.10438E-03 0.96542E+00
  0.15887E+04 0.41222E+02 0.11913E+00 0.00000E+00 0.10228E-03 0.97644E+00
  0.15905E+04 0.41593E+02 0.12000E+00 0.00000E+00 0.10046E-03 0.98510E+00
  0.15923E+04 0.41770E+02 0.12037E+00 0.00000E+00 0.99049E-04 0.99020E+00
  0.15940E+04 0.41675E+02 0.12024E+00 0.00000E+00 0.98075E-04 0.99106E+00
  0.15958E+04 0.41565E+02 0.11967E+00 0.00000E+00 0.97513E-04 0.98798E+00
  0.15976E+04 0.41096E+02 0.11854E+00 0.00000E+00 0.97405E-04 0.98092E+00
  0.15994E+04 0.40518E+02 0.11695E+00 0.00000E+00 0.97845E-04 0.96932E+00
  0.16012E+04 0.39869E+02 0.11496E+00 0.00000E+00 0.98819E-04 0.95433E+00
  0.16030E+04 0.38948E+02 0.11245E+00 0.00000E+00 0.10031E-03 0.93535E+00
  0.16048E+04 0.37844E+02 0.10948E+00 0.00000E+00 0.10232E-03 0.91218E+00
  0.16066E+04 0.36651E+02 0.10615E+00 0.00000E+00 0.10481E-03 0.88579E+00
  0.16084E+04 0.35338E+02 0.10245E+00 0.00000E+00 0.10774E-03 0.85621E+00
  0.16102E+04 0.33823E+02 0.98372E-01 0.00000E+00 0.11093E-03 0.82342E+00
  0.16120E+04 0.32250E+02 0.94022E-01 0.00000E+00 0.11423E-03 0.78797E+00
  0.16138E+04 0.30577E+02 0.89481E-01 0.00000E+00 0.11749E-03 0.75073E+00
  0.16157E+04 0.28897E+02 0.84839E-01 0.00000E+00 0.12059E-03 0.71221E+00
  0.16175E+04 0.27208E+02 0.80143E-01 0.00000E+00 0.12342E-03 0.67309E+00
  0.16193E+04 0.25475E+02 0.75400E-01 0.00000E+00 0.12582E-03 0.63348E+00
  0.16212E+04 0.23805E+02 0.70745E-01 0.00000E+00 0.12763E-03 0.59411E+00
  0.16230E+04 0.22184E+02 0.66195E-01 0.00000E+00 0.12887E-03 0.55555E+00
  0.16249E+04 0.20589E+02 0.61679E-01 0.00000E+00 0.12959E-03 0.51742E+00
  0.16267E+04 0.18925E+02 0.57203E-01 0.00000E+00 0.12964E-03 0.47961E+00
  0.16286E+04 0.17416E+02 0.52890E-01 0.00000E+00 0.12890E-03 0.44271E+00
  0.16304E+04 0.15926E+02 0.48748E-01 0.00000E+00 0.12720E-03 0.40731E+00
  0.16323E+04 0.14539E+02 0.44805E-01 0.00000E+00 0.12452E-03 0.37340E+00
  0.16342E+04 0.13158E+02 0.41070E-01 0.00000E+00 0.12076E-03 0.34136E+00
  0.16360E+04 0.12011E+02 0.37628E-01 0.00000E+00 0.11584E-03 0.31126E+00
  0.16379E+04 0.10870E+02 0.34432E-01 0.00000E+00 0.10965E-03 0.28360E+00
  0.16398E+04 0.98339E+01 0.31444E-01 0.00000E+00 0.10215E-03 0.25766E+00
  0.16417E+04 0.88635E+01 0.28683E-01 0.00000E+00 0.93413E-04 0.23363E+00
  0.16435E+04 0.79974E+01 0.26171E-01 0.00000E+00 0.83520E-04 0.21165E+00
  0.16454E+04 0.72152E+01 0.23869E-01 0.00000E+00 0.72531E-04 0.19157E+00
  0.16473E+04 0.64861E+01 0.21751E-01 0.00000E+00 0.00000E+00 0.17311E+00
  0.16492E+04 0.58119E+01 0.19827E-01 0.00000E+00 0.00000E+00 0.15634E+00
  0.16511E+04 0.52294E+01 0.18100E-01 0.00000E+00 0.00000E+00 0.14122E+00
  0.16531E+04 0.47748E+01 0.16594E-01 0.00000E+00 0.00000E+00 0.12781E+00
  0.16550E+04 0.43009E+01 0.15206E-01 0.00000E+00 0.00000E+00 0.11590E+00
  0.16569E+04 0.38383E+01 0.13901E-01 0.00000E+00 0.00000E+00 0.10468E+00
  0.16588E+04 0.34700E+01 0.12752E-01 0.00000E+00 0.00000E+00 0.94656E-01
  0.16607E+04 0.31421E+01 0.11772E-01 0.00000E+00 0.00000E+00 0.86045E-01
  0.16627E+04 0.29579E+01 0.10941E-01 0.00000E+00 0.00000E+00 0.78645E-01
  0.16646E+04 0.26430E+01 0.10132E-01 0.00000E+00 0.00000E+00 0.71988E-01
  0.16666E+04 0.23818E+01 0.93690E-02 0.00000E+00 0.00000E+00 0.65608E-01
  0.16685E+04 0.22004E+01 0.87147E-02 0.00000E+00 0.00000E+00 0.59892E-01
  0.16705E+04 0.20373E+01 0.81470E-02 0.00000E+00 0.00000E+00 0.55109E-01
  0.16724E+04 0.18463E+01 0.76293E-02 0.00000E+00 0.00000E+00 0.50829E-01
  0.16744E+04 0.17425E+01 0.72003E-02 0.00000E+00 0.00000E+00 0.47130E-01
  0.16763E+04 0.16412E+01 0.68221E-02 0.00000E+00 0.00000E+00 0.44023E-01
  0.16783E+04 0.15313E+01 0.64187E-02 0.00000E+00 0.00000E+00 0.40907E-01
  0.16803E+04 0.13703E+01 0.59915E-02 0.00000E+00 0.00000E+00 0.37605E-01
  0.16823E+04 0.12515E+01 0.55978E-02 0.00000E+00 0.00000E+00 0.34432E-01
  0.16842E+04 0.11431E+01 0.52412E-02 0.00000E+00 0.00000E+00 0.31574E-01
  0.16862E+04 0.10441E+01 0.49124E-02 0.00000E+00 0.00000E+00 0.28963E-01
  0.16882E+04 0.95375E+00 0.46120E-02 0.00000E+00 0.00000E+00 0.26573E-01
  0.16902E+04 0.87113E+00 0.43347E-02 0.00000E+00 0.00000E+00 0.24387E-01
  0.16922E+04 0.79568E+00 0.40800E-02 0.00000E+00 0.00000E+00 0.22387E-01
  0.16942E+04 0.72673E+00 0.38458E-02 0.00000E+00 0.00000E+00 0.20557E-01
  0.16962E+04 0.66381E+00 0.36306E-02 0.00000E+00 0.00000E+00 0.18885E-01
  0.16983E+04 0.60632E+00 0.34320E-02 0.00000E+00 0.00000E+00 0.17355E-01
  0.17003E+04 0.55380E+00 0.32492E-02 0.00000E+00 0.00000E+00 0.15956E-01
  0.17023E+04 0.50584E+00 0.30816E-02 0.00000E+00 0.00000E+00 0.14676E-01
  0.17043E+04 0.46203E+00 0.29272E-02 0.00000E+00 0.00000E+00 0.13507E-01
  0.17064E+04 0.42201E+00 0.27844E-02 0.00000E+00 0.00000E+00 0.12436E-01
  0.17084E+04 0.38546E+00 0.26532E-02 0.00000E+00 0.00000E+00 0.11457E-01
  0.17105E+04 0.35208E+00 0.25324E-02 0.00000E+00 0.00000E+00 0.10560E-01
  0.17125E+04 0.32158E+00 0.24209E-02 0.00000E+00 0.00000E+00 0.97401E-02
  0.17146E+04 0.29373E+00 0.23179E-02 0.00000E+00 0.00000E+00 0.89896E-02
  0.17166E+04 0.26829E+00 0.22236E-02 0.00000E+00 0.00000E+00 0.83028E-02
  0.17187E+04 0.24505E+00 0.21364E-02 0.00000E+00 0.00000E+00 0.76743E-02
  0.17208E+04 0.22383E+00 0.20556E-02 0.00000E+00 0.00000E+00 0.70992E-02
  0.17228E+04 0.20445E+00 0.19807E-02 0.00000E+00 0.00000E+00 0.65728E-02
  0.17249E+04 0.18674E+00 0.19117E-02 0.00000E+00 0.00000E+00 0.60908E-02
  0.17270E+04 0.17056E+00 0.18479E-02 0.00000E+00 0.00000E+00 0.56495E-02
