697    18       17     3.467E-03     1.107E-02
  0.93788E+03 0.00000E+00 0.00000E+00 0.19248E-01 0.25537E-03 0.00000E+00
  0.93849E+03 0.00000E+00 0.00000E+00 0.20233E-01 0.26751E-03 0.00000E+00
  0.93911E+03 0.00000E+00 0.00000E+00 0.21248E-01 0.28015E-03 0.00000E+00
  0.93973E+03 0.00000E+00 0.00000E+00 0.22292E-01 0.29330E-03 0.00000E+00
  0.94035E+03 0.00000E+00 0.00000E+00 0.23380E-01 0.30702E-03 0.00000E+00
  0.94096E+03 0.00000E+00 0.00000E+00 0.24526E-01 0.32138E-03 0.00000E+00
  0.94159E+03 0.00000E+00 0.00000E+00 0.25718E-01 0.33641E-03 0.00000E+00
  0.94221E+03 0.00000E+00 0.00000E+00 0.26960E-01 0.35216E-03 0.00000E+00
  0.94283E+03 0.00000E+00 0.00000E+00 0.28257E-01 0.36870E-03 0.00000E+00
  0.94345E+03 0.00000E+00 0.00000E+00 0.29619E-01 0.38613E-03 0.00000E+00
  0.94407E+03 0.00000E+00 0.00000E+00 0.31061E-01 0.40457E-03 0.00000E+00
  0.94470E+03 0.00000E+00 0.00000E+00 0.32599E-01 0.42416E-03 0.00000E+00
  0.94532E+03 0.00000E+00 0.00000E+00 0.34221E-01 0.44500E-03 0.00000E+00
  0.94595E+03 0.00000E+00 0.00000E+00 0.35954E-01 0.46729E-03 0.00000E+00
  0.94658E+03 0.00000E+00 0.00000E+00 0.37835E-01 0.49127E-03 0.00000E+00
  0.94720E+03 0.00000E+00 0.00000E+00 0.39873E-01 0.51713E-03 0.00000E+00
  0.94783E+03 0.00000E+00 0.00000E+00 0.42074E-01 0.54508E-03 0.00000E+00
  0.94846E+03 0.00000E+00 0.00000E+00 0.44469E-01 0.57544E-03 0.00000E+00
  0.94909E+03 0.00000E+00 0.00000E+00 0.47097E-01 0.60852E-03 0.00000E+00
  0.94972E+03 0.00000E+00 0.00000E+00 0.49995E-01 0.64471E-03 0.00000E+00
  0.95035E+03 0.00000E+00 0.00000E+00 0.53191E-01 0.68437E-03 0.00000E+00
  0.95099E+03 0.00000E+00 0.00000E+00 0.56731E-01 0.72802E-03 0.00000E+00
  0.95162E+03 0.00000E+00 0.00000E+00 0.60668E-01 0.77613E-03 0.00000E+00
  0.95225E+03 0.00000E+00 0.00000E+00 0.65040E-01 0.82911E-03 0.00000E+00
  0.95289E+03 0.00000E+00 0.00000E+00 0.69905E-01 0.88750E-03 0.00000E+00
  0.95353E+03 0.00000E+00 0.00000E+00 0.75312E-01 0.95206E-03 0.00000E+00
  0.95416E+03 0.00000E+00 0.00000E+00 0.81334E-01 0.10232E-02 0.00000E+00
  0.95480E+03 0.00000E+00 0.00000E+00 0.88026E-01 0.11017E-02 0.00000E+00
  0.95544E+03 0.00000E+00 0.00000E+00 0.95442E-01 0.11881E-02 0.00000E+00
  0.95608E+03 0.00000E+00 0.00000E+00 0.10366E+00 0.12833E-02 0.00000E+00
  0.95672E+03 0.00000E+00 0.00000E+00 0.11276E+00 0.13879E-02 0.00000E+00
  0.95736E+03 0.00000E+00 0.00000E+00 0.12283E+00 0.15027E-02 0.00000E+00
  0.95800E+03 0.00000E+00 0.00000E+00 0.13392E+00 0.16284E-02 0.00000E+00
  0.95864E+03 0.00000E+00 0.00000E+00 0.14612E+00 0.17659E-02 0.00000E+00
  0.95929E+03 0.00000E+00 0.00000E+00 0.15950E+00 0.19158E-02 0.00000E+00
  0.95993E+03 0.00000E+00 0.00000E+00 0.17415E+00 0.20788E-02 0.00000E+00
  0.96058E+03 0.00000E+00 0.00000E+00 0.19012E+00 0.22557E-02 0.00000E+00
  0.96123E+03 0.00000E+00 0.00000E+00 0.20749E+00 0.24471E-02 0.00000E+00
  0.96187E+03 0.00000E+00 0.00000E+00 0.22629E+00 0.26534E-02 0.00000E+00
  0.96252E+03 0.00000E+00 0.00000E+00 0.24662E+00 0.28752E-02 0.00000E+00
  0.96317E+03 0.00000E+00 0.00000E+00 0.26850E+00 0.31129E-02 0.00000E+00
  0.96382E+03 0.00000E+00 0.00000E+00 0.29193E+00 0.33667E-02 0.00000E+00
  0.96447E+03 0.00000E+00 0.00000E+00 0.31695E+00 0.36368E-02 0.00000E+00
  0.96512E+03 0.00000E+00 0.00000E+00 0.34358E+00 0.39233E-02 0.79181E-04
  0.96577E+03 0.00000E+00 0.00000E+00 0.37184E+00 0.42260E-02 0.16667E-03
  0.96643E+03 0.00000E+00 0.00000E+00 0.40168E+00 0.45448E-02 0.26030E-03
  0.96708E+03 0.00000E+00 0.00000E+00 0.43307E+00 0.48793E-02 0.35933E-03
  0.96774E+03 0.00000E+00 0.00000E+00 0.46597E+00 0.52288E-02 0.46374E-03
  0.96839E+03 0.00000E+00 0.00000E+00 0.50029E+00 0.55924E-02 0.57353E-03
  0.96905E+03 0.00000E+00 0.00000E+00 0.53593E+00 0.59693E-02 0.68787E-03
  0.96971E+03 0.00000E+00 0.00000E+00 0.57280E+00 0.63581E-02 0.80618E-03
  0.97037E+03 0.00000E+00 0.00000E+00 0.61072E+00 0.67574E-02 0.92789E-03
  0.97103E+03 0.00000E+00 0.00000E+00 0.64956E+00 0.71658E-02 0.10521E-02
  0.97169E+03 0.00000E+00 0.00000E+00 0.68911E+00 0.75806E-02 0.11773E-02
  0.97235E+03 0.00000E+00 0.00000E+00 0.72917E+00 0.80008E-02 0.13031E-02
  0.97301E+03 0.00000E+00 0.00000E+00 0.76949E+00 0.84230E-02 0.14295E-02
  0.97367E+03 0.00000E+00 0.00000E+00 0.80996E+00 0.88466E-02 0.15560E-02
  0.97434E+03 0.00000E+00 0.00000E+00 0.85022E+00 0.92675E-02 0.16814E-02
  0.97500E+03 0.00000E+00 0.00000E+00 0.89007E+00 0.96843E-02 0.18054E-02
  0.97567E+03 0.00000E+00 0.00000E+00 0.92919E+00 0.10093E-01 0.19273E-02
  0.97633E+03 0.00000E+00 0.00000E+00 0.96735E+00 0.10492E-01 0.20463E-02
  0.97700E+03 0.00000E+00 0.00000E+00 0.10042E+01 0.10879E-01 0.21610E-02
  0.97767E+03 0.00000E+00 0.00000E+00 0.10395E+01 0.11249E-01 0.22703E-02
  0.97834E+03 0.00000E+00 0.00000E+00 0.10730E+01 0.11601E-01 0.23736E-02
  0.97901E+03 0.00000E+00 0.00000E+00 0.11043E+01 0.11932E-01 0.24705E-02
  0.97968E+03 0.00000E+00 0.00000E+00 0.11333E+01 0.12240E-01 0.25602E-02
  0.98035E+03 0.00000E+00 0.00000E+00 0.11599E+01 0.12522E-01 0.26416E-02
  0.98103E+03 0.00000E+00 0.00000E+00 0.11836E+01 0.12778E-01 0.27140E-02
  0.98170E+03 0.00000E+00 0.00000E+00 0.12044E+01 0.13004E-01 0.27766E-02
  0.98238E+03 0.00000E+00 0.00000E+00 0.12222E+01 0.13200E-01 0.28291E-02
  0.98305E+03 0.00000E+00 0.00000E+00 0.12369E+01 0.13366E-01 0.28716E-02
  0.98373E+03 0.00000E+00 0.00000E+00 0.12483E+01 0.13501E-01 0.29036E-02
  0.98441E+03 0.00000E+00 0.00000E+00 0.12566E+01 0.13604E-01 0.29242E-02
  0.98509E+03 0.00000E+00 0.00000E+00 0.12617E+01 0.13676E-01 0.29339E-02
  0.98577E+03 0.00000E+00 0.00000E+00 0.12638E+01 0.13719E-01 0.29340E-02
  0.98645E+03 0.00000E+00 0.00000E+00 0.12630E+01 0.13734E-01 0.29248E-02
  0.98713E+03 0.00000E+00 0.00000E+00 0.12596E+01 0.13724E-01 0.29065E-02
  0.98781E+03 0.00000E+00 0.00000E+00 0.12539E+01 0.13691E-01 0.28800E-02
  0.98849E+03 0.00000E+00 0.00000E+00 0.12461E+01 0.13639E-01 0.28469E-02
  0.98918E+03 0.00000E+00 0.00000E+00 0.12369E+01 0.13572E-01 0.28087E-02
  0.98986E+03 0.00000E+00 0.00000E+00 0.12266E+01 0.13495E-01 0.27669E-02
  0.99055E+03 0.00000E+00 0.00000E+00 0.12156E+01 0.13411E-01 0.27234E-02
  0.99124E+03 0.00000E+00 0.00000E+00 0.12044E+01 0.13327E-01 0.26795E-02
  0.99193E+03 0.00000E+00 0.00000E+00 0.11937E+01 0.13246E-01 0.26373E-02
  0.99262E+03 0.00000E+00 0.00000E+00 0.11839E+01 0.13173E-01 0.25992E-02
  0.99331E+03 0.00000E+00 0.00000E+00 0.11755E+01 0.13115E-01 0.25664E-02
  0.99400E+03 0.00000E+00 0.00000E+00 0.11691E+01 0.13075E-01 0.25400E-02
  0.99469E+03 0.00000E+00 0.00000E+00 0.11651E+01 0.13059E-01 0.25215E-02
  0.99538E+03 0.00000E+00 0.00000E+00 0.11641E+01 0.13072E-01 0.25122E-02
  0.99608E+03 0.00000E+00 0.00000E+00 0.11664E+01 0.13116E-01 0.25137E-02
  0.99677E+03 0.00000E+00 0.00000E+00 0.11724E+01 0.13197E-01 0.25270E-02
  0.99747E+03 0.00000E+00 0.00000E+00 0.11824E+01 0.13315E-01 0.25528E-02
  0.99816E+03 0.00000E+00 0.00000E+00 0.11967E+01 0.13475E-01 0.25921E-02
  0.99886E+03 0.00000E+00 0.00000E+00 0.12154E+01 0.13676E-01 0.26455E-02
  0.99956E+03 0.00000E+00 0.00000E+00 0.12386E+01 0.13920E-01 0.27131E-02
  0.10003E+04 0.00000E+00 0.00000E+00 0.12662E+01 0.14206E-01 0.27946E-02
  0.10010E+04 0.00000E+00 0.00000E+00 0.12980E+01 0.14532E-01 0.28891E-02
  0.10017E+04 0.00000E+00 0.00000E+00 0.13338E+01 0.14896E-01 0.29959E-02
  0.10024E+04 0.00000E+00 0.00000E+00 0.13732E+01 0.15293E-01 0.31137E-02
  0.10031E+04 0.00000E+00 0.00000E+00 0.14156E+01 0.15719E-01 0.32409E-02
  0.10038E+04 0.00000E+00 0.00000E+00 0.14604E+01 0.16169E-01 0.33760E-02
  0.10045E+04 0.00000E+00 0.00000E+00 0.15071E+01 0.16637E-01 0.35164E-02
  0.10052E+04 0.00000E+00 0.00000E+00 0.15549E+01 0.17115E-01 0.36599E-02
  0.10059E+04 0.00000E+00 0.00000E+00 0.16030E+01 0.17598E-01 0.38043E-02
  0.10066E+04 0.00000E+00 0.00000E+00 0.16508E+01 0.18078E-01 0.39472E-02
  0.10073E+04 0.00000E+00 0.00000E+00 0.16974E+01 0.18547E-01 0.40857E-02
  0.10080E+04 0.00000E+00 0.00000E+00 0.17421E+01 0.18998E-01 0.42180E-02
  0.10087E+04 0.00000E+00 0.00000E+00 0.17841E+01 0.19425E-01 0.43421E-02
  0.10094E+04 0.00000E+00 0.00000E+00 0.18227E+01 0.19821E-01 0.44554E-02
  0.10102E+04 0.00000E+00 0.00000E+00 0.18574E+01 0.20181E-01 0.45555E-02
  0.10109E+04 0.00000E+00 0.00000E+00 0.18875E+01 0.20499E-01 0.46411E-02
  0.10116E+04 0.00000E+00 0.00000E+00 0.19128E+01 0.20773E-01 0.47117E-02
  0.10123E+04 0.00000E+00 0.00000E+00 0.19329E+01 0.21000E-01 0.47656E-02
  0.10130E+04 0.00000E+00 0.00000E+00 0.19478E+01 0.21180E-01 0.48019E-02
  0.10137E+04 0.00000E+00 0.00000E+00 0.19576E+01 0.21314E-01 0.48217E-02
  0.10145E+04 0.00000E+00 0.00000E+00 0.19626E+01 0.21405E-01 0.48265E-02
  0.10152E+04 0.00000E+00 0.00000E+00 0.19634E+01 0.21457E-01 0.48179E-02
  0.10159E+04 0.00000E+00 0.00000E+00 0.19605E+01 0.21476E-01 0.47978E-02
  0.10166E+04 0.00000E+00 0.00000E+00 0.19549E+01 0.21470E-01 0.47688E-02
  0.10174E+04 0.00000E+00 0.00000E+00 0.19471E+01 0.21445E-01 0.47350E-02
  0.10181E+04 0.00000E+00 0.00000E+00 0.19384E+01 0.21412E-01 0.46989E-02
  0.10188E+04 0.00000E+00 0.00000E+00 0.19297E+01 0.21380E-01 0.46632E-02
  0.10195E+04 0.00000E+00 0.00000E+00 0.19220E+01 0.21359E-01 0.46307E-02
  0.10203E+04 0.00000E+00 0.00000E+00 0.19166E+01 0.21359E-01 0.46044E-02
  0.10210E+04 0.00000E+00 0.00000E+00 0.19145E+01 0.21390E-01 0.45872E-02
  0.10217E+04 0.00000E+00 0.00000E+00 0.19168E+01 0.21463E-01 0.45830E-02
  0.10225E+04 0.00000E+00 0.00000E+00 0.19245E+01 0.21585E-01 0.45957E-02
  0.10232E+04 0.00000E+00 0.00000E+00 0.19385E+01 0.21765E-01 0.46278E-02
  0.10239E+04 0.00000E+00 0.00000E+00 0.19593E+01 0.22009E-01 0.46807E-02
  0.10247E+04 0.00000E+00 0.00000E+00 0.19874E+01 0.22319E-01 0.47579E-02
  0.10254E+04 0.00000E+00 0.00000E+00 0.20231E+01 0.22698E-01 0.48606E-02
  0.10261E+04 0.00000E+00 0.00000E+00 0.20661E+01 0.23144E-01 0.49874E-02
  0.10269E+04 0.00000E+00 0.00000E+00 0.21162E+01 0.23655E-01 0.51380E-02
  0.10276E+04 0.00000E+00 0.00000E+00 0.21729E+01 0.24226E-01 0.53112E-02
  0.10283E+04 0.00000E+00 0.00000E+00 0.22351E+01 0.24849E-01 0.55033E-02
  0.10291E+04 0.00000E+00 0.00000E+00 0.23019E+01 0.25513E-01 0.57091E-02
  0.10298E+04 0.00000E+00 0.00000E+00 0.23719E+01 0.26208E-01 0.59236E-02
  0.10306E+04 0.00000E+00 0.00000E+00 0.24439E+01 0.26921E-01 0.61431E-02
  0.10313E+04 0.00000E+00 0.00000E+00 0.25164E+01 0.27641E-01 0.63636E-02
  0.10321E+04 0.00000E+00 0.00000E+00 0.25880E+01 0.28354E-01 0.65796E-02
  0.10328E+04 0.00000E+00 0.00000E+00 0.26572E+01 0.29046E-01 0.67863E-02
  0.10335E+04 0.00000E+00 0.00000E+00 0.27227E+01 0.29705E-01 0.69794E-02
  0.10343E+04 0.00000E+00 0.00000E+00 0.27830E+01 0.30320E-01 0.71555E-02
  0.10350E+04 0.00000E+00 0.00000E+00 0.28372E+01 0.30879E-01 0.73115E-02
  0.10358E+04 0.00000E+00 0.00000E+00 0.28842E+01 0.31376E-01 0.74442E-02
  0.10365E+04 0.00000E+00 0.00000E+00 0.29234E+01 0.31805E-01 0.75530E-02
  0.10373E+04 0.00000E+00 0.00000E+00 0.29544E+01 0.32164E-01 0.76371E-02
  0.10381E+04 0.00000E+00 0.00000E+00 0.29774E+01 0.32452E-01 0.76959E-02
  0.10388E+04 0.00000E+00 0.00000E+00 0.29930E+01 0.32676E-01 0.77308E-02
  0.10396E+04 0.00000E+00 0.00000E+00 0.30018E+01 0.32843E-01 0.77454E-02
  0.10403E+04 0.00000E+00 0.00000E+00 0.30054E+01 0.32963E-01 0.77443E-02
  0.10411E+04 0.00000E+00 0.00000E+00 0.30051E+01 0.33052E-01 0.77314E-02
  0.10418E+04 0.00000E+00 0.00000E+00 0.30027E+01 0.33122E-01 0.77116E-02
  0.10426E+04 0.00000E+00 0.00000E+00 0.30002E+01 0.33193E-01 0.76913E-02
  0.10434E+04 0.00000E+00 0.00000E+00 0.29993E+01 0.33280E-01 0.76767E-02
  0.10441E+04 0.00000E+00 0.00000E+00 0.30023E+01 0.33402E-01 0.76741E-02
  0.10449E+04 0.00000E+00 0.00000E+00 0.30108E+01 0.33574E-01 0.76889E-02
  0.10457E+04 0.00000E+00 0.00000E+00 0.30266E+01 0.33813E-01 0.77261E-02
  0.10464E+04 0.00000E+00 0.00000E+00 0.30512E+01 0.34129E-01 0.77900E-02
  0.10472E+04 0.00000E+00 0.00000E+00 0.30857E+01 0.34534E-01 0.78840E-02
  0.10480E+04 0.00000E+00 0.00000E+00 0.31310E+01 0.35035E-01 0.80115E-02
  0.10487E+04 0.00000E+00 0.00000E+00 0.31871E+01 0.35632E-01 0.81742E-02
  0.10495E+04 0.00000E+00 0.00000E+00 0.32543E+01 0.36326E-01 0.83702E-02
  0.10503E+04 0.00000E+00 0.00000E+00 0.33315E+01 0.37109E-01 0.85961E-02
  0.10510E+04 0.00000E+00 0.00000E+00 0.34177E+01 0.37971E-01 0.88495E-02
  0.10518E+04 0.00000E+00 0.00000E+00 0.35112E+01 0.38897E-01 0.91252E-02
  0.10526E+04 0.00000E+00 0.00000E+00 0.36098E+01 0.39869E-01 0.94159E-02
  0.10534E+04 0.00000E+00 0.00000E+00 0.37112E+01 0.40867E-01 0.97137E-02
  0.10541E+04 0.00000E+00 0.00000E+00 0.38127E+01 0.41867E-01 0.10012E-01
  0.10549E+04 0.00000E+00 0.00000E+00 0.39118E+01 0.42848E-01 0.10303E-01
  0.10557E+04 0.00000E+00 0.00000E+00 0.40063E+01 0.43789E-01 0.10577E-01
  0.10565E+04 0.00000E+00 0.00000E+00 0.40934E+01 0.44670E-01 0.10828E-01
  0.10573E+04 0.00000E+00 0.00000E+00 0.41715E+01 0.45473E-01 0.11049E-01
  0.10580E+04 0.00000E+00 0.00000E+00 0.42390E+01 0.46188E-01 0.11234E-01
  0.10588E+04 0.00000E+00 0.00000E+00 0.42950E+01 0.46805E-01 0.11383E-01
  0.10596E+04 0.00000E+00 0.00000E+00 0.43392E+01 0.47322E-01 0.11494E-01
  0.10604E+04 0.00000E+00 0.00000E+00 0.43718E+01 0.47742E-01 0.11570E-01
  0.10612E+04 0.00000E+00 0.00000E+00 0.43935E+01 0.48072E-01 0.11612E-01
  0.10620E+04 0.00000E+00 0.00000E+00 0.44063E+01 0.48329E-01 0.11628E-01
  0.10628E+04 0.00000E+00 0.00000E+00 0.44122E+01 0.48532E-01 0.11626E-01
  0.10636E+04 0.00000E+00 0.00000E+00 0.44144E+01 0.48705E-01 0.11614E-01
  0.10644E+04 0.00000E+00 0.00000E+00 0.44160E+01 0.48878E-01 0.11606E-01
  0.10651E+04 0.00000E+00 0.00000E+00 0.44205E+01 0.49079E-01 0.11610E-01
  0.10659E+04 0.00000E+00 0.00000E+00 0.44316E+01 0.49339E-01 0.11633E-01
  0.10667E+04 0.00000E+00 0.00000E+00 0.44524E+01 0.49684E-01 0.11683E-01
  0.10675E+04 0.00000E+00 0.00000E+00 0.44856E+01 0.50138E-01 0.11769E-01
  0.10683E+04 0.00000E+00 0.00000E+00 0.45334E+01 0.50720E-01 0.11900E-01
  0.10691E+04 0.00000E+00 0.00000E+00 0.45971E+01 0.51440E-01 0.12079E-01
  0.10699E+04 0.00000E+00 0.00000E+00 0.46777E+01 0.52306E-01 0.12306E-01
  0.10707E+04 0.00000E+00 0.00000E+00 0.47753E+01 0.53316E-01 0.12580E-01
  0.10715E+04 0.00000E+00 0.00000E+00 0.48880E+01 0.54457E-01 0.12902E-01
  0.10723E+04 0.00000E+00 0.00000E+00 0.50140E+01 0.55712E-01 0.13266E-01
  0.10731E+04 0.00000E+00 0.00000E+00 0.51500E+01 0.57054E-01 0.13657E-01
  0.10740E+04 0.00000E+00 0.00000E+00 0.52926E+01 0.58454E-01 0.14067E-01
  0.10748E+04 0.00000E+00 0.00000E+00 0.54378E+01 0.59874E-01 0.14485E-01
  0.10756E+04 0.00000E+00 0.00000E+00 0.55805E+01 0.61277E-01 0.14897E-01
  0.10764E+04 0.00000E+00 0.00000E+00 0.57166E+01 0.62627E-01 0.15287E-01
  0.10772E+04 0.00000E+00 0.00000E+00 0.58415E+01 0.63888E-01 0.15642E-01
  0.10780E+04 0.00000E+00 0.00000E+00 0.59517E+01 0.65032E-01 0.15949E-01
  0.10788E+04 0.00000E+00 0.00000E+00 0.60446E+01 0.66040E-01 0.16203E-01
  0.10796E+04 0.00000E+00 0.00000E+00 0.61193E+01 0.66906E-01 0.16405E-01
  0.10805E+04 0.00000E+00 0.00000E+00 0.61763E+01 0.67631E-01 0.16555E-01
  0.10813E+04 0.00000E+00 0.00000E+00 0.62174E+01 0.68234E-01 0.16657E-01
  0.10821E+04 0.00000E+00 0.00000E+00 0.62455E+01 0.68735E-01 0.16721E-01
  0.10829E+04 0.00000E+00 0.00000E+00 0.62648E+01 0.69175E-01 0.16766E-01
  0.10837E+04 0.00000E+00 0.00000E+00 0.62806E+01 0.69594E-01 0.16805E-01
  0.10846E+04 0.00000E+00 0.00000E+00 0.62983E+01 0.70048E-01 0.16842E-01
  0.10854E+04 0.00000E+00 0.00000E+00 0.63240E+01 0.70582E-01 0.16904E-01
  0.10862E+04 0.00000E+00 0.00000E+00 0.63650E+01 0.71245E-01 0.17016E-01
  0.10870E+04 0.00000E+00 0.00000E+00 0.64271E+01 0.72098E-01 0.17191E-01
  0.10879E+04 0.00000E+00 0.00000E+00 0.65151E+01 0.73174E-01 0.17438E-01
  0.10887E+04 0.00000E+00 0.00000E+00 0.66322E+01 0.74486E-01 0.17766E-01
  0.10895E+04 0.00000E+00 0.00000E+00 0.67787E+01 0.76043E-01 0.18180E-01
  0.10903E+04 0.00000E+00 0.00000E+00 0.69520E+01 0.77836E-01 0.18677E-01
  0.10912E+04 0.00000E+00 0.00000E+00 0.71502E+01 0.79832E-01 0.19252E-01
  0.10920E+04 0.00000E+00 0.00000E+00 0.73668E+01 0.81997E-01 0.19890E-01
  0.10928E+04 0.00000E+00 0.00000E+00 0.75948E+01 0.84271E-01 0.20561E-01
  0.10937E+04 0.00000E+00 0.00000E+00 0.78282E+01 0.86592E-01 0.21248E-01
  0.10945E+04 0.00000E+00 0.00000E+00 0.80590E+01 0.88906E-01 0.21930E-01
  0.10954E+04 0.00000E+00 0.00000E+00 0.82789E+01 0.91159E-01 0.22581E-01
  0.10962E+04 0.00000E+00 0.00000E+00 0.84805E+01 0.93291E-01 0.23183E-01
  0.10970E+04 0.00000E+00 0.00000E+00 0.86605E+01 0.95280E-01 0.23717E-01
  0.10979E+04 0.00000E+00 0.00000E+00 0.88162E+01 0.97127E-01 0.24188E-01
  0.10987E+04 0.00000E+00 0.00000E+00 0.89522E+01 0.98846E-01 0.24600E-01
  0.10996E+04 0.00000E+00 0.00000E+00 0.90733E+01 0.10050E+00 0.24967E-01
  0.11004E+04 0.00000E+00 0.00000E+00 0.91890E+01 0.10215E+00 0.25319E-01
  0.11013E+04 0.00000E+00 0.00000E+00 0.93094E+01 0.10390E+00 0.25696E-01
  0.11021E+04 0.00000E+00 0.00000E+00 0.94488E+01 0.10585E+00 0.26132E-01
  0.11030E+04 0.00000E+00 0.00000E+00 0.96214E+01 0.10812E+00 0.26676E-01
  0.11038E+04 0.00000E+00 0.00000E+00 0.98521E+01 0.11080E+00 0.27375E-01
  0.11047E+04 0.00000E+00 0.00000E+00 0.10128E+02 0.11394E+00 0.28235E-01
  0.11055E+04 0.00000E+00 0.00000E+00 0.10460E+02 0.11758E+00 0.29264E-01
  0.11064E+04 0.00000E+00 0.00000E+00 0.10857E+02 0.12173E+00 0.30481E-01
  0.11072E+04 0.00000E+00 0.00000E+00 0.11312E+02 0.12636E+00 0.31872E-01
  0.11081E+04 0.00000E+00 0.00000E+00 0.11815E+02 0.13140E+00 0.33410E-01
  0.11090E+04 0.00000E+00 0.00000E+00 0.12356E+02 0.13675E+00 0.35065E-01
  0.11098E+04 0.00000E+00 0.00000E+00 0.12913E+02 0.14226E+00 0.36769E-01
  0.11107E+04 0.00000E+00 0.00000E+00 0.13471E+02 0.14780E+00 0.38459E-01
  0.11116E+04 0.00000E+00 0.00000E+00 0.14011E+02 0.15326E+00 0.40099E-01
  0.11124E+04 0.00000E+00 0.00000E+00 0.14520E+02 0.15852E+00 0.41662E-01
  0.11133E+04 0.00000E+00 0.00000E+00 0.14990E+02 0.16352E+00 0.43114E-01
  0.11142E+04 0.00000E+00 0.00000E+00 0.15421E+02 0.16825E+00 0.44443E-01
  0.11150E+04 0.00000E+00 0.00000E+00 0.15814E+02 0.17274E+00 0.45665E-01
  0.11159E+04 0.00000E+00 0.00000E+00 0.16178E+02 0.17703E+00 0.46804E-01
  0.11168E+04 0.00000E+00 0.00000E+00 0.16527E+02 0.18126E+00 0.47919E-01
  0.11176E+04 0.00000E+00 0.00000E+00 0.16891E+02 0.18556E+00 0.49062E-01
  0.11185E+04 0.00000E+00 0.00000E+00 0.17281E+02 0.19003E+00 0.50269E-01
  0.11194E+04 0.00000E+00 0.00000E+00 0.17707E+02 0.19474E+00 0.51577E-01
  0.11203E+04 0.00000E+00 0.00000E+00 0.18177E+02 0.19970E+00 0.52997E-01
  0.11212E+04 0.00000E+00 0.00000E+00 0.18685E+02 0.20488E+00 0.54514E-01
  0.11220E+04 0.00000E+00 0.00000E+00 0.19220E+02 0.21015E+00 0.56086E-01
  0.11229E+04 0.00000E+00 0.00000E+00 0.19752E+02 0.21530E+00 0.57635E-01
  0.11238E+04 0.00000E+00 0.00000E+00 0.20242E+02 0.22009E+00 0.59060E-01
  0.11247E+04 0.00000E+00 0.00000E+00 0.20657E+02 0.22430E+00 0.60257E-01
  0.11256E+04 0.00000E+00 0.00000E+00 0.20969E+02 0.22775E+00 0.61154E-01
  0.11265E+04 0.00000E+00 0.00000E+00 0.21161E+02 0.23036E+00 0.61717E-01
  0.11273E+04 0.00000E+00 0.00000E+00 0.21223E+02 0.23219E+00 0.61947E-01
  0.11282E+04 0.00000E+00 0.00000E+00 0.21198E+02 0.23347E+00 0.61934E-01
  0.11291E+04 0.00000E+00 0.00000E+00 0.21126E+02 0.23462E+00 0.61841E-01
  0.11300E+04 0.00000E+00 0.00000E+00 0.21080E+02 0.23611E+00 0.61859E-01
  0.11309E+04 0.00000E+00 0.00000E+00 0.21138E+02 0.23851E+00 0.62193E-01
  0.11318E+04 0.00000E+00 0.00000E+00 0.21377E+02 0.24230E+00 0.63054E-01
  0.11327E+04 0.00000E+00 0.00000E+00 0.21838E+02 0.24785E+00 0.64596E-01
  0.11336E+04 0.00000E+00 0.00000E+00 0.22561E+02 0.25528E+00 0.66873E-01
  0.11345E+04 0.00000E+00 0.00000E+00 0.23527E+02 0.26446E+00 0.69832E-01
  0.11354E+04 0.00000E+00 0.00000E+00 0.24674E+02 0.27501E+00 0.73325E-01
  0.11363E+04 0.00000E+00 0.00000E+00 0.25925E+02 0.28633E+00 0.77125E-01
  0.11372E+04 0.00000E+00 0.00000E+00 0.27185E+02 0.29772E+00 0.80957E-01
  0.11381E+04 0.00000E+00 0.00000E+00 0.28340E+02 0.30844E+00 0.84535E-01
  0.11390E+04 0.00000E+00 0.00000E+00 0.29297E+02 0.31787E+00 0.87583E-01
  0.11399E+04 0.00000E+00 0.00000E+00 0.29995E+02 0.32565E+00 0.89930E-01
  0.11409E+04 0.00000E+00 0.00000E+00 0.30410E+02 0.33176E+00 0.91569E-01
  0.11418E+04 0.00000E+00 0.00000E+00 0.30587E+02 0.33659E+00 0.92666E-01
  0.11427E+04 0.00000E+00 0.00000E+00 0.30642E+02 0.34100E+00 0.93536E-01
  0.11436E+04 0.00000E+00 0.00000E+00 0.30747E+02 0.34616E+00 0.94663E-01
  0.11445E+04 0.00000E+00 0.00000E+00 0.31116E+02 0.35334E+00 0.96590E-01
  0.11454E+04 0.00000E+00 0.00000E+00 0.31924E+02 0.36351E+00 0.99796E-01
  0.11463E+04 0.00000E+00 0.00000E+00 0.33250E+02 0.37708E+00 0.10446E+00
  0.11473E+04 0.00000E+00 0.00000E+00 0.35058E+02 0.39364E+00 0.11038E+00
  0.11482E+04 0.00000E+00 0.00000E+00 0.37134E+02 0.41200E+00 0.11710E+00
  0.11491E+04 0.00000E+00 0.00000E+00 0.39178E+02 0.43058E+00 0.12390E+00
  0.11500E+04 0.00000E+00 0.00000E+00 0.40922E+02 0.44801E+00 0.13014E+00
  0.11510E+04 0.00000E+00 0.00000E+00 0.42248E+02 0.46374E+00 0.13559E+00
  0.11519E+04 0.00000E+00 0.00000E+00 0.43254E+02 0.47824E+00 0.14048E+00
  0.11528E+04 0.00000E+00 0.00000E+00 0.44193E+02 0.49277E+00 0.14537E+00
  0.11538E+04 0.00000E+00 0.00000E+00 0.45339E+02 0.50881E+00 0.15093E+00
  0.11547E+04 0.00000E+00 0.00000E+00 0.46905E+02 0.52749E+00 0.15772E+00
  0.11556E+04 0.00000E+00 0.00000E+00 0.48908E+02 0.54920E+00 0.16590E+00
  0.11566E+04 0.00000E+00 0.00000E+00 0.51222E+02 0.57376E+00 0.17530E+00
  0.11575E+04 0.00000E+00 0.00000E+00 0.53768E+02 0.60088E+00 0.18581E+00
  0.11584E+04 0.00000E+00 0.16738E-03 0.56592E+02 0.63041E+00 0.19744E+00
  0.11594E+04 0.10815E+00 0.88453E-03 0.59716E+02 0.66193E+00 0.21010E+00
  0.11603E+04 0.31448E+00 0.16801E-02 0.63075E+02 0.69439E+00 0.22336E+00
  0.11613E+04 0.56739E+00 0.26112E-02 0.66175E+02 0.72585E+00 0.23643E+00
  0.11622E+04 0.89292E+00 0.36837E-02 0.68572E+02 0.75515E+00 0.24855E+00
  0.11631E+04 0.12015E+01 0.48476E-02 0.70176E+02 0.78343E+00 0.25995E+00
  0.11641E+04 0.15560E+01 0.61449E-02 0.71726E+02 0.81490E+00 0.27258E+00
  0.11650E+04 0.19713E+01 0.76280E-02 0.74716E+02 0.85529E+00 0.28946E+00
  0.11660E+04 0.24377E+01 0.93128E-02 0.80231E+02 0.90753E+00 0.31235E+00
  0.11669E+04 0.29762E+01 0.11212E-01 0.87722E+02 0.96823E+00 0.33980E+00
  0.11679E+04 0.35804E+01 0.13359E-01 0.94915E+02 0.10287E+01 0.36758E+00
  0.11689E+04 0.42694E+01 0.15777E-01 0.99584E+02 0.10823E+01 0.39206E+00
  0.11698E+04 0.50312E+01 0.18484E-01 0.10203E+03 0.11305E+01 0.41390E+00
  0.11708E+04 0.59024E+01 0.21512E-01 0.10481E+03 0.11821E+01 0.43773E+00
  0.11717E+04 0.68518E+01 0.24878E-01 0.11038E+03 0.12450E+01 0.46772E+00
  0.11727E+04 0.79115E+01 0.28629E-01 0.11823E+03 0.13190E+01 0.50378E+00
  0.11737E+04 0.91065E+01 0.32842E-01 0.12606E+03 0.13991E+01 0.54293E+00
  0.11746E+04 0.10466E+02 0.37567E-01 0.13282E+03 0.14834E+01 0.58396E+00
  0.11756E+04 0.11957E+02 0.42851E-01 0.14024E+03 0.15767E+01 0.62967E+00
  0.11766E+04 0.13701E+02 0.48794E-01 0.15077E+03 0.16843E+01 0.68342E+00
  0.11775E+04 0.15542E+02 0.55434E-01 0.16389E+03 0.18026E+01 0.74375E+00
  0.11785E+04 0.17753E+02 0.62907E-01 0.17532E+03 0.19217E+01 0.80505E+00
  0.11795E+04 0.20166E+02 0.71198E-01 0.18262E+03 0.20416E+01 0.86619E+00
  0.11804E+04 0.22708E+02 0.80096E-01 0.19189E+03 0.21805E+01 0.93689E+00
  0.11814E+04 0.25236E+02 0.90043E-01 0.21157E+03 0.23519E+01 0.10271E+01
  0.11824E+04 0.28755E+02 0.10236E+00 0.23542E+03 0.25358E+01 0.11287E+01
  0.11834E+04 0.33610E+02 0.11741E+00 0.24791E+03 0.27057E+01 0.12254E+01
  0.11844E+04 0.38739E+02 0.13398E+00 0.25463E+03 0.28782E+01 0.13228E+01
  0.11853E+04 0.43803E+02 0.15129E+00 0.27394E+03 0.30898E+01 0.14404E+01
  0.11863E+04 0.49472E+02 0.16928E+00 0.30033E+03 0.33427E+01 0.15778E+01
  0.11873E+04 0.54369E+02 0.18716E+00 0.32543E+03 0.36257E+01 0.17257E+01
  0.11883E+04 0.59009E+02 0.20630E+00 0.35503E+03 0.39413E+01 0.18887E+01
  0.11893E+04 0.66192E+02 0.22956E+00 0.38695E+03 0.42914E+01 0.20722E+01
  0.11903E+04 0.74568E+02 0.25673E+00 0.42244E+03 0.46776E+01 0.22762E+01
  0.11913E+04 0.83865E+02 0.28614E+00 0.45553E+03 0.51055E+01 0.24979E+01
  0.11923E+04 0.92019E+02 0.31650E+00 0.49891E+03 0.56020E+01 0.27487E+01
  0.11933E+04 0.10094E+03 0.35049E+00 0.55738E+03 0.61814E+01 0.30409E+01
  0.11943E+04 0.11348E+03 0.39224E+00 0.60682E+03 0.68329E+01 0.33673E+01
  0.11953E+04 0.12853E+03 0.44295E+00 0.66509E+03 0.76246E+01 0.37634E+01
  0.11963E+04 0.14818E+03 0.50114E+00 0.77816E+03 0.86030E+01 0.42514E+01
  0.11973E+04 0.16557E+03 0.56063E+00 0.85665E+03 0.97533E+01 0.47984E+01
  0.11983E+04 0.18142E+03 0.62411E+00 0.10079E+04 0.11124E+02 0.54380E+01
  0.11993E+04 0.20490E+03 0.70271E+00 0.11379E+04 0.12741E+02 0.61835E+01
  0.12003E+04 0.23663E+03 0.79561E+00 0.13080E+04 0.14720E+02 0.70869E+01
  0.12013E+04 0.26515E+03 0.89319E+00 0.15444E+04 0.17150E+02 0.81622E+01
  0.12023E+04 0.28929E+03 0.10017E+01 0.18027E+04 0.20173E+02 0.94666E+01
  0.12033E+04 0.33199E+03 0.11499E+01 0.21727E+04 0.24091E+02 0.11186E+02
  0.12043E+04 0.39822E+03 0.13407E+01 0.26266E+04 0.29168E+02 0.13418E+02
  0.12053E+04 0.44594E+03 0.15719E+01 0.32214E+04 0.35847E+02 0.16340E+02
  0.12064E+04 0.54256E+03 0.19157E+01 0.41407E+04 0.44913E+02 0.20424E+02
  0.12074E+04 0.69899E+03 0.24314E+01 0.53122E+04 0.57379E+02 0.26174E+02
  0.12084E+04 0.87634E+03 0.32237E+01 0.69980E+04 0.75298E+02 0.34713E+02
  0.12094E+04 0.12666E+04 0.46019E+01 0.97520E+04 0.10232E+03 0.48328E+02
  0.12105E+04 0.19164E+04 0.71035E+01 0.14461E+05 0.14453E+03 0.71137E+02
  0.12115E+04 0.33856E+04 0.12185E+02 0.23137E+05 0.21208E+03 0.11138E+03
  0.12125E+04 0.67720E+04 0.23500E+02 0.40199E+05 0.32093E+03 0.18519E+03
  0.12135E+04 0.17864E+05 0.50016E+02 0.77687E+05 0.49232E+03 0.32227E+03
  0.12146E+04 0.63420E+05 0.99800E+02 0.17988E+06 0.70934E+03 0.52919E+03
  0.12156E+04 0.13067E+06 0.13339E+03 0.28031E+06 0.81354E+03 0.64512E+03
  0.12166E+04 0.63123E+05 0.99096E+02 0.16900E+06 0.68572E+03 0.51408E+03
  0.12177E+04 0.17521E+05 0.49163E+02 0.76029E+05 0.47953E+03 0.31361E+03
  0.12187E+04 0.65549E+04 0.22843E+02 0.42466E+05 0.32527E+03 0.18554E+03
  0.12198E+04 0.31083E+04 0.11419E+02 0.25339E+05 0.22422E+03 0.11440E+03
  0.12208E+04 0.16163E+04 0.61600E+01 0.16332E+05 0.15922E+03 0.74199E+02
  0.12218E+04 0.87471E+03 0.36395E+01 0.11651E+05 0.11787E+03 0.51322E+02
  0.12229E+04 0.57692E+03 0.22540E+01 0.87045E+04 0.90415E+02 0.37333E+02
  0.12239E+04 0.46259E+03 0.16023E+01 0.66475E+04 0.71286E+02 0.28420E+02
  0.12250E+04 0.50270E+03 0.13039E+01 0.52035E+04 0.58111E+02 0.22724E+02
  0.12260E+04 0.19818E+03 0.10040E+01 0.46132E+04 0.49232E+02 0.19023E+02
  0.12271E+04 0.34161E+03 0.92195E+00 0.40647E+04 0.42872E+02 0.16679E+02
  0.12281E+04 0.11295E+03 0.80732E+00 0.37062E+04 0.37721E+02 0.14790E+02
  0.12292E+04 0.28912E+03 0.79027E+00 0.32450E+04 0.32897E+02 0.13078E+02
  0.12303E+04 0.26685E+03 0.71496E+00 0.27478E+04 0.28100E+02 0.11217E+02
  0.12313E+04 0.11386E+03 0.56668E+00 0.21675E+04 0.23353E+02 0.92115E+01
  0.12324E+04 0.13296E+03 0.54039E+00 0.16507E+04 0.19049E+02 0.75806E+01
  0.12334E+04 0.22464E+03 0.55448E+00 0.12886E+04 0.15509E+02 0.63432E+01
  0.12345E+04 0.72605E+02 0.51523E+00 0.10594E+04 0.12690E+02 0.53628E+01
  0.12356E+04 0.26041E+03 0.57322E+00 0.82309E+03 0.10377E+02 0.46606E+01
  0.12366E+04 0.11327E+03 0.48966E+00 0.65856E+03 0.85482E+01 0.39100E+01
  0.12377E+04 0.13725E+03 0.39975E+00 0.55334E+03 0.71455E+01 0.32857E+01
  0.12388E+04 0.61315E+02 0.32061E+00 0.45970E+03 0.60578E+01 0.28011E+01
  0.12399E+04 0.87593E+02 0.32164E+00 0.40485E+03 0.52340E+01 0.25567E+01
  0.12409E+04 0.12153E+03 0.34970E+00 0.37548E+03 0.45828E+01 0.24236E+01
  0.12420E+04 0.76577E+02 0.34254E+00 0.32727E+03 0.39852E+01 0.22553E+01
  0.12431E+04 0.12149E+03 0.39800E+00 0.26259E+03 0.34275E+01 0.21796E+01
  0.12442E+04 0.16521E+03 0.44670E+00 0.21683E+03 0.29850E+01 0.21088E+01
  0.12453E+04 0.13229E+03 0.39163E+00 0.20849E+03 0.26878E+01 0.19097E+01
  0.12464E+04 0.75156E+02 0.27635E+00 0.21225E+03 0.24610E+01 0.16294E+01
  0.12474E+04 0.25758E+02 0.19392E+00 0.19375E+03 0.22113E+01 0.13909E+01
  0.12485E+04 0.50609E+02 0.20941E+00 0.15464E+03 0.19353E+01 0.13042E+01
  0.12496E+04 0.98704E+02 0.25859E+00 0.12453E+03 0.17047E+01 0.12910E+01
  0.12507E+04 0.75765E+02 0.24034E+00 0.11970E+03 0.15644E+01 0.12183E+01
  0.12518E+04 0.38033E+02 0.20351E+00 0.12750E+03 0.14829E+01 0.11549E+01
  0.12529E+04 0.60704E+02 0.23649E+00 0.12764E+03 0.13980E+01 0.12039E+01
  0.12540E+04 0.10943E+03 0.30207E+00 0.11364E+03 0.12812E+01 0.12760E+01
  0.12551E+04 0.11154E+03 0.30667E+00 0.94285E+02 0.11533E+01 0.12237E+01
  0.12562E+04 0.71861E+02 0.24483E+00 0.81639E+02 0.10521E+01 0.10611E+01
  0.12573E+04 0.43190E+02 0.18268E+00 0.80042E+02 0.99442E+00 0.91408E+00
  0.12584E+04 0.40195E+02 0.15866E+00 0.84311E+02 0.96491E+00 0.84376E+00
  0.12595E+04 0.48262E+02 0.15618E+00 0.86193E+02 0.93467E+00 0.81138E+00
  0.12607E+04 0.45587E+02 0.14416E+00 0.81618E+02 0.88588E+00 0.75764E+00
  0.12618E+04 0.30348E+02 0.12070E+00 0.72402E+02 0.82173E+00 0.68420E+00
  0.12629E+04 0.23774E+02 0.11188E+00 0.63356E+02 0.75914E+00 0.64555E+00
  0.12640E+04 0.33551E+02 0.13441E+00 0.58441E+02 0.71347E+00 0.67614E+00
  0.12651E+04 0.56554E+02 0.17676E+00 0.57883E+02 0.68802E+00 0.75108E+00
  0.12662E+04 0.71529E+02 0.20471E+00 0.59582E+02 0.67509E+00 0.80049E+00
  0.12674E+04 0.66826E+02 0.19591E+00 0.60586E+02 0.66256E+00 0.77607E+00
  0.12685E+04 0.47494E+02 0.15790E+00 0.59130E+02 0.64209E+00 0.68850E+00
  0.12696E+04 0.29319E+02 0.11820E+00 0.55297E+02 0.61323E+00 0.59004E+00
  0.12707E+04 0.23806E+02 0.97628E-01 0.50795E+02 0.58216E+00 0.52397E+00
  0.12719E+04 0.26187E+02 0.93927E-01 0.47398E+02 0.55660E+00 0.49275E+00
  0.12730E+04 0.29140E+02 0.93663E-01 0.46090E+02 0.54116E+00 0.47510E+00
  0.12741E+04 0.25881E+02 0.87038E-01 0.46647E+02 0.53532E+00 0.45330E+00
  0.12753E+04 0.21478E+02 0.76672E-01 0.47999E+02 0.53456E+00 0.42907E+00
  0.12764E+04 0.17207E+02 0.68647E-01 0.48968E+02 0.53331E+00 0.41154E+00
  0.12776E+04 0.17467E+02 0.68288E-01 0.48738E+02 0.52783E+00 0.40891E+00
  0.12787E+04 0.20577E+02 0.76185E-01 0.47412E+02 0.51774E+00 0.42172E+00
  0.12799E+04 0.26738E+02 0.88459E-01 0.45573E+02 0.50536E+00 0.44247E+00
  0.12810E+04 0.30288E+02 0.98318E-01 0.43933E+02 0.49402E+00 0.45954E+00
  0.12822E+04 0.31607E+02 0.10293E+00 0.43084E+02 0.48641E+00 0.46785E+00
  0.12833E+04 0.31174E+02 0.10408E+00 0.43127E+02 0.48330E+00 0.46980E+00
  0.12845E+04 0.31986E+02 0.10372E+00 0.43782E+02 0.48352E+00 0.46719E+00
  0.12856E+04 0.30831E+02 0.10019E+00 0.44609E+02 0.48466E+00 0.45631E+00
  0.12868E+04 0.28840E+02 0.92452E-01 0.45086E+02 0.48405E+00 0.43416E+00
  0.12879E+04 0.24611E+02 0.79954E-01 0.44889E+02 0.47985E+00 0.39927E+00
  0.12891E+04 0.19097E+02 0.63489E-01 0.43971E+02 0.47154E+00 0.35366E+00
  0.12903E+04 0.12110E+02 0.45121E-01 0.42489E+02 0.45990E+00 0.30335E+00
  0.12914E+04 0.59298E+01 0.29159E-01 0.40785E+02 0.44659E+00 0.25902E+00
  0.12926E+04 0.27689E+01 0.19727E-01 0.39189E+02 0.43340E+00 0.23053E+00
  0.12938E+04 0.21650E+01 0.18202E-01 0.37884E+02 0.42167E+00 0.22212E+00
  0.12949E+04 0.45590E+01 0.24931E-01 0.36989E+02 0.41210E+00 0.23465E+00
  0.12961E+04 0.98839E+01 0.38682E-01 0.36495E+02 0.40455E+00 0.26467E+00
  0.12973E+04 0.16363E+02 0.55834E-01 0.36172E+02 0.39811E+00 0.30353E+00
  0.12985E+04 0.22525E+02 0.72220E-01 0.35799E+02 0.39159E+00 0.34101E+00
  0.12996E+04 0.26926E+02 0.84359E-01 0.35218E+02 0.38398E+00 0.36823E+00
  0.13008E+04 0.28991E+02 0.90171E-01 0.34318E+02 0.37477E+00 0.37962E+00
  0.13020E+04 0.28340E+02 0.89041E-01 0.33112E+02 0.36405E+00 0.37351E+00
  0.13032E+04 0.25580E+02 0.82214E-01 0.31749E+02 0.35262E+00 0.35272E+00
  0.13044E+04 0.22127E+02 0.71759E-01 0.30420E+02 0.34163E+00 0.32212E+00
  0.13056E+04 0.17627E+02 0.58774E-01 0.29334E+02 0.33223E+00 0.28552E+00
  0.13068E+04 0.12656E+02 0.44931E-01 0.28620E+02 0.32522E+00 0.24770E+00
  0.13080E+04 0.84717E+01 0.32376E-01 0.28300E+02 0.32085E+00 0.21386E+00
  0.13092E+04 0.48855E+01 0.22423E-01 0.28330E+02 0.31882E+00 0.18764E+00
  0.13104E+04 0.28668E+01 0.16613E-01 0.28579E+02 0.31834E+00 0.17232E+00
  0.13116E+04 0.29234E+01 0.15548E-01 0.28864E+02 0.31839E+00 0.16880E+00
  0.13128E+04 0.38326E+01 0.18276E-01 0.29025E+02 0.31801E+00 0.17505E+00
  0.13140E+04 0.59697E+01 0.24363E-01 0.28966E+02 0.31659E+00 0.18944E+00
  0.13152E+04 0.92743E+01 0.32884E-01 0.28673E+02 0.31403E+00 0.20924E+00
  0.13164E+04 0.12348E+02 0.41861E-01 0.28237E+02 0.31068E+00 0.23021E+00
  0.13176E+04 0.15277E+02 0.50096E-01 0.27758E+02 0.30717E+00 0.24933E+00
  0.13188E+04 0.17682E+02 0.56305E-01 0.27363E+02 0.30420E+00 0.26360E+00
  0.13201E+04 0.18443E+02 0.59077E-01 0.27150E+02 0.30235E+00 0.27039E+00
  0.13213E+04 0.18030E+02 0.58684E-01 0.27181E+02 0.30188E+00 0.27014E+00
  0.13225E+04 0.17128E+02 0.56154E-01 0.27424E+02 0.30262E+00 0.26467E+00
  0.13237E+04 0.15707E+02 0.52045E-01 0.27789E+02 0.30398E+00 0.25519E+00
  0.13250E+04 0.13905E+02 0.46875E-01 0.28149E+02 0.30514E+00 0.24282E+00
  0.13262E+04 0.11971E+02 0.41348E-01 0.28356E+02 0.30519E+00 0.22904E+00
  0.13274E+04 0.10195E+02 0.36278E-01 0.28294E+02 0.30339E+00 0.21553E+00
  0.13287E+04 0.89109E+01 0.32337E-01 0.27895E+02 0.29937E+00 0.20375E+00
  0.13299E+04 0.81016E+01 0.29754E-01 0.27173E+02 0.29318E+00 0.19447E+00
  0.13311E+04 0.77240E+01 0.28534E-01 0.26196E+02 0.28528E+00 0.18807E+00
  0.13324E+04 0.77917E+01 0.28640E-01 0.25092E+02 0.27648E+00 0.18486E+00
  0.13336E+04 0.82342E+01 0.30032E-01 0.24004E+02 0.26775E+00 0.18505E+00
  0.13349E+04 0.92025E+01 0.32649E-01 0.23062E+02 0.25996E+00 0.18859E+00
  0.13361E+04 0.10514E+02 0.35939E-01 0.22376E+02 0.25382E+00 0.19441E+00
  0.13374E+04 0.11585E+02 0.38923E-01 0.21993E+02 0.24963E+00 0.20058E+00
  0.13386E+04 0.12185E+02 0.41114E-01 0.21889E+02 0.24729E+00 0.20600E+00
  0.13399E+04 0.12626E+02 0.42811E-01 0.21981E+02 0.24628E+00 0.21077E+00
  0.13411E+04 0.13197E+02 0.44301E-01 0.22153E+02 0.24588E+00 0.21489E+00
  0.13424E+04 0.13601E+02 0.45268E-01 0.22272E+02 0.24524E+00 0.21741E+00
  0.13437E+04 0.13570E+02 0.45367E-01 0.22223E+02 0.24367E+00 0.21744E+00
  0.13449E+04 0.13309E+02 0.44797E-01 0.21940E+02 0.24075E+00 0.21515E+00
  0.13462E+04 0.13059E+02 0.43849E-01 0.21416E+02 0.23646E+00 0.21102E+00
  0.13475E+04 0.12660E+02 0.42405E-01 0.20696E+02 0.23120E+00 0.20508E+00
  0.13487E+04 0.11913E+02 0.40344E-01 0.19892E+02 0.22571E+00 0.19760E+00
  0.13500E+04 0.11044E+02 0.38043E-01 0.19149E+02 0.22098E+00 0.18983E+00
  0.13513E+04 0.10385E+02 0.36066E-01 0.18618E+02 0.21805E+00 0.18335E+00
  0.13526E+04 0.99705E+01 0.34610E-01 0.18438E+02 0.21784E+00 0.17900E+00
  0.13538E+04 0.96444E+01 0.33582E-01 0.18687E+02 0.22089E+00 0.17698E+00
  0.13551E+04 0.94522E+01 0.32990E-01 0.19391E+02 0.22740E+00 0.17741E+00
  0.13564E+04 0.94590E+01 0.32860E-01 0.20516E+02 0.23709E+00 0.18020E+00
  0.13577E+04 0.95673E+01 0.33048E-01 0.21966E+02 0.24931E+00 0.18477E+00
  0.13590E+04 0.96654E+01 0.33402E-01 0.23601E+02 0.26308E+00 0.19046E+00
  0.13603E+04 0.98339E+01 0.33961E-01 0.25274E+02 0.27737E+00 0.19682E+00
  0.13616E+04 0.10156E+02 0.34737E-01 0.26838E+02 0.29114E+00 0.20334E+00
  0.13629E+04 0.10485E+02 0.35466E-01 0.28180E+02 0.30358E+00 0.20911E+00
  0.13642E+04 0.10617E+02 0.35814E-01 0.29235E+02 0.31421E+00 0.21327E+00
  0.13655E+04 0.10548E+02 0.35704E-01 0.29993E+02 0.32294E+00 0.21561E+00
  0.13668E+04 0.10383E+02 0.35273E-01 0.30505E+02 0.33009E+00 0.21650E+00
  0.13681E+04 0.10176E+02 0.34667E-01 0.30862E+02 0.33628E+00 0.21649E+00
  0.13694E+04 0.99374E+01 0.33992E-01 0.31183E+02 0.34235E+00 0.21618E+00
  0.13707E+04 0.97236E+01 0.33373E-01 0.31600E+02 0.34918E+00 0.21620E+00
  0.13720E+04 0.96072E+01 0.32885E-01 0.32229E+02 0.35761E+00 0.21702E+00
  0.13734E+04 0.95212E+01 0.32415E-01 0.33159E+02 0.36824E+00 0.21867E+00
  0.13747E+04 0.93284E+01 0.31767E-01 0.34435E+02 0.38139E+00 0.22095E+00
  0.13760E+04 0.90104E+01 0.30912E-01 0.36059E+02 0.39705E+00 0.22384E+00
  0.13773E+04 0.86680E+01 0.30049E-01 0.37984E+02 0.41484E+00 0.22764E+00
  0.13787E+04 0.84596E+01 0.29421E-01 0.40128E+02 0.43412E+00 0.23255E+00
  0.13800E+04 0.83838E+01 0.29085E-01 0.42376E+02 0.45398E+00 0.23840E+00
  0.13813E+04 0.83689E+01 0.28936E-01 0.44598E+02 0.47339E+00 0.24461E+00
  0.13827E+04 0.83493E+01 0.28850E-01 0.46661E+02 0.49129E+00 0.25058E+00
  0.13840E+04 0.83026E+01 0.28815E-01 0.48441E+02 0.50665E+00 0.25593E+00
  0.13853E+04 0.83269E+01 0.28954E-01 0.49832E+02 0.51860E+00 0.26053E+00
  0.13867E+04 0.84751E+01 0.29350E-01 0.50753E+02 0.52645E+00 0.26427E+00
  0.13880E+04 0.87099E+01 0.29916E-01 0.51156E+02 0.52973E+00 0.26677E+00
  0.13894E+04 0.89156E+01 0.30435E-01 0.51019E+02 0.52821E+00 0.26753E+00
  0.13907E+04 0.89934E+01 0.30760E-01 0.50347E+02 0.52188E+00 0.26628E+00
  0.13921E+04 0.90016E+01 0.30965E-01 0.49170E+02 0.51092E+00 0.26324E+00
  0.13935E+04 0.90550E+01 0.31243E-01 0.47530E+02 0.49566E+00 0.25889E+00
  0.13948E+04 0.92073E+01 0.31710E-01 0.45486E+02 0.47658E+00 0.25362E+00
  0.13962E+04 0.94421E+01 0.32315E-01 0.43102E+02 0.45421E+00 0.24752E+00
  0.13975E+04 0.96485E+01 0.32890E-01 0.40451E+02 0.42914E+00 0.24047E+00
  0.13989E+04 0.97818E+01 0.33313E-01 0.37600E+02 0.40201E+00 0.23245E+00
  0.14003E+04 0.98393E+01 0.33571E-01 0.34616E+02 0.37343E+00 0.22364E+00
  0.14017E+04 0.98738E+01 0.33731E-01 0.31570E+02 0.34403E+00 0.21435E+00
  0.14030E+04 0.99184E+01 0.33840E-01 0.28523E+02 0.31438E+00 0.20486E+00
  0.14044E+04 0.99320E+01 0.33859E-01 0.25532E+02 0.28503E+00 0.19530E+00
  0.14058E+04 0.98873E+01 0.33758E-01 0.22651E+02 0.25647E+00 0.18579E+00
  0.14072E+04 0.98054E+01 0.33576E-01 0.19921E+02 0.22912E+00 0.17659E+00
  0.14086E+04 0.97249E+01 0.33400E-01 0.17377E+02 0.20331E+00 0.16799E+00
  0.14100E+04 0.96918E+01 0.33325E-01 0.15046E+02 0.17931E+00 0.16027E+00
  0.14114E+04 0.97127E+01 0.33381E-01 0.12943E+02 0.15731E+00 0.15357E+00
  0.14128E+04 0.97689E+01 0.33551E-01 0.11074E+02 0.13740E+00 0.14789E+00
  0.14141E+04 0.98555E+01 0.33806E-01 0.94367E+01 0.11959E+00 0.14317E+00
  0.14155E+04 0.99475E+01 0.34126E-01 0.80224E+01 0.10385E+00 0.13935E+00
  0.14170E+04 0.10071E+02 0.34513E-01 0.68146E+01 0.90083E-01 0.13637E+00
  0.14184E+04 0.10211E+02 0.34952E-01 0.57966E+01 0.78147E-01 0.13414E+00
  0.14198E+04 0.10354E+02 0.35414E-01 0.49474E+01 0.67875E-01 0.13253E+00
  0.14212E+04 0.10502E+02 0.35890E-01 0.42433E+01 0.59084E-01 0.13144E+00
  0.14226E+04 0.10655E+02 0.36380E-01 0.36606E+01 0.51578E-01 0.13076E+00
  0.14240E+04 0.10820E+02 0.36872E-01 0.31772E+01 0.45163E-01 0.13039E+00
  0.14254E+04 0.10985E+02 0.37320E-01 0.27720E+01 0.39660E-01 0.13013E+00
  0.14269E+04 0.11101E+02 0.37640E-01 0.24264E+01 0.34908E-01 0.12974E+00
  0.14283E+04 0.11147E+02 0.37766E-01 0.21281E+01 0.30781E-01 0.12904E+00
  0.14297E+04 0.11107E+02 0.37687E-01 0.18687E+01 0.27178E-01 0.12799E+00
  0.14311E+04 0.11013E+02 0.37459E-01 0.16412E+01 0.24016E-01 0.12667E+00
  0.14326E+04 0.10905E+02 0.37184E-01 0.14403E+01 0.21231E-01 0.12528E+00
  0.14340E+04 0.10831E+02 0.36944E-01 0.12616E+01 0.18770E-01 0.12398E+00
  0.14355E+04 0.10789E+02 0.36750E-01 0.11002E+01 0.16597E-01 0.12278E+00
  0.14369E+04 0.10747E+02 0.36548E-01 0.96295E+00 0.14688E-01 0.12156E+00
  0.14384E+04 0.10680E+02 0.36266E-01 0.84271E+00 0.13015E-01 0.12019E+00
  0.14398E+04 0.10548E+02 0.35849E-01 0.73756E+00 0.11546E-01 0.11855E+00
  0.14413E+04 0.10368E+02 0.35302E-01 0.64545E+00 0.10256E-01 0.11665E+00
  0.14427E+04 0.10153E+02 0.34679E-01 0.56487E+00 0.91227E-02 0.11462E+00
  0.14442E+04 0.99489E+01 0.34064E-01 0.49435E+00 0.81273E-02 0.11262E+00
  0.14456E+04 0.97709E+01 0.33514E-01 0.43264E+00 0.72517E-02 0.11079E+00
  0.14471E+04 0.96329E+01 0.33061E-01 0.37863E+00 0.64813E-02 0.10921E+00
  0.14486E+04 0.95300E+01 0.32702E-01 0.33136E+00 0.58031E-02 0.10788E+00
  0.14500E+04 0.94515E+01 0.32414E-01 0.28999E+00 0.52058E-02 0.10676E+00
  0.14515E+04 0.93785E+01 0.32170E-01 0.25379E+00 0.46794E-02 0.10579E+00
  0.14530E+04 0.93155E+01 0.31967E-01 0.22211E+00 0.42151E-02 0.10497E+00
  0.14545E+04 0.92695E+01 0.31813E-01 0.19438E+00 0.38055E-02 0.10430E+00
  0.14559E+04 0.92465E+01 0.31712E-01 0.17011E+00 0.34440E-02 0.10378E+00
  0.14574E+04 0.92391E+01 0.31647E-01 0.14888E+00 0.31249E-02 0.10334E+00
  0.14589E+04 0.92296E+01 0.31581E-01 0.13029E+00 0.28429E-02 0.10293E+00
  0.14604E+04 0.92079E+01 0.31487E-01 0.11402E+00 0.25936E-02 0.10246E+00
  0.14619E+04 0.91687E+01 0.31343E-01 0.99793E-01 0.23732E-02 0.10188E+00
  0.14634E+04 0.91010E+01 0.31143E-01 0.87336E-01 0.21780E-02 0.10119E+00
  0.14649E+04 0.90253E+01 0.30911E-01 0.76428E-01 0.20051E-02 0.10043E+00
  0.14664E+04 0.89495E+01 0.30671E-01 0.66889E-01 0.18519E-02 0.99647E-01
  0.14679E+04 0.88750E+01 0.30432E-01 0.58538E-01 0.17159E-02 0.98860E-01
  0.14694E+04 0.88060E+01 0.30196E-01 0.51230E-01 0.15950E-02 0.98077E-01
  0.14709E+04 0.87350E+01 0.29958E-01 0.44835E-01 0.14875E-02 0.97287E-01
  0.14725E+04 0.86612E+01 0.29707E-01 0.39237E-01 0.13917E-02 0.96468E-01
  0.14740E+04 0.85732E+01 0.29431E-01 0.34339E-01 0.13064E-02 0.95605E-01
  0.14755E+04 0.84785E+01 0.29141E-01 0.30052E-01 0.12300E-02 0.94717E-01
  0.14770E+04 0.83878E+01 0.28853E-01 0.26300E-01 0.11617E-02 0.93840E-01
  0.14785E+04 0.82985E+01 0.28573E-01 0.23017E-01 0.11003E-02 0.92991E-01
  0.14801E+04 0.82119E+01 0.28303E-01 0.20144E-01 0.10452E-02 0.92183E-01
  0.14816E+04 0.81287E+01 0.28048E-01 0.17629E-01 0.99529E-03 0.91437E-01
  0.14832E+04 0.80509E+01 0.27816E-01 0.15428E-01 0.95016E-03 0.90779E-01
  0.14847E+04 0.79791E+01 0.27619E-01 0.13502E-01 0.90909E-03 0.90248E-01
  0.14862E+04 0.79223E+01 0.27484E-01 0.11816E-01 0.87160E-03 0.89914E-01
  0.14878E+04 0.79000E+01 0.27445E-01 0.10341E-01 0.83723E-03 0.89856E-01
  0.14893E+04 0.79176E+01 0.27525E-01 0.90503E-02 0.80563E-03 0.90129E-01
  0.14909E+04 0.79737E+01 0.27727E-01 0.79203E-02 0.77646E-03 0.90750E-01
  0.14925E+04 0.80718E+01 0.28050E-01 0.69317E-02 0.74947E-03 0.91714E-01
  0.14940E+04 0.81997E+01 0.28477E-01 0.60664E-02 0.72436E-03 0.92992E-01
  0.14956E+04 0.83554E+01 0.28993E-01 0.53091E-02 0.70102E-03 0.94551E-01
  0.14971E+04 0.85279E+01 0.29587E-01 0.46463E-02 0.67923E-03 0.96369E-01
  0.14987E+04 0.87255E+01 0.30263E-01 0.40662E-02 0.65889E-03 0.98452E-01
  0.15003E+04 0.89508E+01 0.31034E-01 0.35586E-02 0.63979E-03 0.10082E+00
  0.15019E+04 0.92140E+01 0.31908E-01 0.31143E-02 0.62185E-03 0.10349E+00
  0.15034E+04 0.95077E+01 0.32881E-01 0.27256E-02 0.60494E-03 0.10643E+00
  0.15050E+04 0.98325E+01 0.33939E-01 0.23853E-02 0.58899E-03 0.10962E+00
  0.15066E+04 0.10178E+02 0.35054E-01 0.20875E-02 0.57391E-03 0.11297E+00
  0.15082E+04 0.10526E+02 0.36191E-01 0.18269E-02 0.55964E-03 0.11640E+00
  0.15098E+04 0.10871E+02 0.37319E-01 0.15989E-02 0.54614E-03 0.11983E+00
  0.15114E+04 0.11204E+02 0.38417E-01 0.13993E-02 0.53336E-03 0.12320E+00
  0.15130E+04 0.11520E+02 0.39463E-01 0.12245E-02 0.52128E-03 0.12645E+00
  0.15146E+04 0.11810E+02 0.40451E-01 0.10717E-02 0.50985E-03 0.12957E+00
  0.15162E+04 0.12084E+02 0.41388E-01 0.93791E-03 0.49908E-03 0.13257E+00
  0.15178E+04 0.12348E+02 0.42290E-01 0.82078E-03 0.48890E-03 0.13547E+00
  0.15194E+04 0.12605E+02 0.43165E-01 0.71834E-03 0.47929E-03 0.13829E+00
  0.15211E+04 0.12855E+02 0.44018E-01 0.62866E-03 0.47019E-03 0.14104E+00
  0.15227E+04 0.13101E+02 0.44853E-01 0.55018E-03 0.46153E-03 0.14374E+00
  0.15243E+04 0.13340E+02 0.45668E-01 0.48150E-03 0.45327E-03 0.14638E+00
  0.15259E+04 0.13574E+02 0.46464E-01 0.42138E-03 0.44531E-03 0.14896E+00
  0.15276E+04 0.13800E+02 0.47235E-01 0.36878E-03 0.43762E-03 0.15148E+00
  0.15292E+04 0.14013E+02 0.47982E-01 0.32275E-03 0.43013E-03 0.15394E+00
  0.15308E+04 0.14219E+02 0.48715E-01 0.28245E-03 0.42280E-03 0.15637E+00
  0.15325E+04 0.14430E+02 0.49453E-01 0.24719E-03 0.41558E-03 0.15882E+00
  0.15341E+04 0.14646E+02 0.50213E-01 0.21633E-03 0.40848E-03 0.16133E+00
  0.15358E+04 0.14874E+02 0.51006E-01 0.18932E-03 0.40148E-03 0.16393E+00
  0.15374E+04 0.15114E+02 0.51839E-01 0.16569E-03 0.39459E-03 0.16665E+00
  0.15391E+04 0.15369E+02 0.52720E-01 0.14501E-03 0.38783E-03 0.16950E+00
  0.15407E+04 0.15641E+02 0.53655E-01 0.12690E-03 0.38119E-03 0.17252E+00
  0.15424E+04 0.15929E+02 0.54650E-01 0.11106E-03 0.37471E-03 0.17571E+00
  0.15441E+04 0.16241E+02 0.55716E-01 0.97195E-04 0.36837E-03 0.17912E+00
  0.15457E+04 0.16574E+02 0.56858E-01 0.85063E-04 0.36219E-03 0.18275E+00
  0.15474E+04 0.16936E+02 0.58088E-01 0.74439E-04 0.35618E-03 0.18663E+00
  0.15491E+04 0.17331E+02 0.59414E-01 0.00000E+00 0.35033E-03 0.19077E+00
  0.15508E+04 0.17754E+02 0.60836E-01 0.00000E+00 0.34462E-03 0.19519E+00
  0.15525E+04 0.18212E+02 0.62349E-01 0.00000E+00 0.33909E-03 0.19985E+00
  0.15541E+04 0.18694E+02 0.63934E-01 0.00000E+00 0.33372E-03 0.20470E+00
  0.15558E+04 0.19191E+02 0.65565E-01 0.00000E+00 0.32854E-03 0.20969E+00
  0.15575E+04 0.19697E+02 0.67218E-01 0.00000E+00 0.32356E-03 0.21473E+00
  0.15592E+04 0.20201E+02 0.68863E-01 0.00000E+00 0.31884E-03 0.21975E+00
  0.15609E+04 0.20691E+02 0.70467E-01 0.00000E+00 0.31440E-03 0.22467E+00
  0.15626E+04 0.21160E+02 0.72010E-01 0.00000E+00 0.31027E-03 0.22941E+00
  0.15644E+04 0.21604E+02 0.73471E-01 0.00000E+00 0.30652E-03 0.23394E+00
  0.15661E+04 0.22024E+02 0.74852E-01 0.00000E+00 0.30316E-03 0.23821E+00
  0.15678E+04 0.22411E+02 0.76137E-01 0.00000E+00 0.30023E-03 0.24221E+00
  0.15695E+04 0.22774E+02 0.77328E-01 0.00000E+00 0.29774E-03 0.24592E+00
  0.15712E+04 0.23112E+02 0.78425E-01 0.00000E+00 0.29569E-03 0.24932E+00
  0.15730E+04 0.23413E+02 0.79406E-01 0.00000E+00 0.29407E-03 0.25237E+00
  0.15747E+04 0.23678E+02 0.80258E-01 0.00000E+00 0.29285E-03 0.25503E+00
  0.15764E+04 0.23908E+02 0.80982E-01 0.00000E+00 0.29200E-03 0.25727E+00
  0.15782E+04 0.24088E+02 0.81551E-01 0.00000E+00 0.29148E-03 0.25902E+00
  0.15799E+04 0.24216E+02 0.81943E-01 0.00000E+00 0.29125E-03 0.26023E+00
  0.15817E+04 0.24283E+02 0.82139E-01 0.00000E+00 0.29123E-03 0.26086E+00
  0.15834E+04 0.24287E+02 0.82133E-01 0.00000E+00 0.29139E-03 0.26088E+00
  0.15852E+04 0.24228E+02 0.81923E-01 0.00000E+00 0.29168E-03 0.26027E+00
  0.15870E+04 0.24104E+02 0.81503E-01 0.00000E+00 0.29205E-03 0.25903E+00
  0.15887E+04 0.23918E+02 0.80881E-01 0.00000E+00 0.29246E-03 0.25717E+00
  0.15905E+04 0.23672E+02 0.80062E-01 0.00000E+00 0.29288E-03 0.25472E+00
  0.15923E+04 0.23371E+02 0.79067E-01 0.00000E+00 0.29326E-03 0.25172E+00
  0.15940E+04 0.23023E+02 0.77904E-01 0.00000E+00 0.29360E-03 0.24819E+00
  0.15958E+04 0.22629E+02 0.76598E-01 0.00000E+00 0.29385E-03 0.24418E+00
  0.15976E+04 0.22194E+02 0.75143E-01 0.00000E+00 0.29397E-03 0.23971E+00
  0.15994E+04 0.21717E+02 0.73553E-01 0.00000E+00 0.29395E-03 0.23481E+00
  0.16012E+04 0.21202E+02 0.71841E-01 0.00000E+00 0.29373E-03 0.22950E+00
  0.16030E+04 0.20655E+02 0.70014E-01 0.00000E+00 0.29328E-03 0.22383E+00
  0.16048E+04 0.20076E+02 0.68078E-01 0.00000E+00 0.29257E-03 0.21781E+00
  0.16066E+04 0.19463E+02 0.66037E-01 0.00000E+00 0.29152E-03 0.21146E+00
  0.16084E+04 0.18821E+02 0.63901E-01 0.00000E+00 0.29011E-03 0.20481E+00
  0.16102E+04 0.18151E+02 0.61683E-01 0.00000E+00 0.28828E-03 0.19790E+00
  0.16120E+04 0.17462E+02 0.59398E-01 0.00000E+00 0.28597E-03 0.19078E+00
  0.16138E+04 0.16759E+02 0.57067E-01 0.00000E+00 0.28314E-03 0.18350E+00
  0.16157E+04 0.16048E+02 0.54709E-01 0.00000E+00 0.27975E-03 0.17613E+00
  0.16175E+04 0.15334E+02 0.52341E-01 0.00000E+00 0.27576E-03 0.16871E+00
  0.16193E+04 0.14621E+02 0.49979E-01 0.00000E+00 0.27114E-03 0.16129E+00
  0.16212E+04 0.13920E+02 0.47643E-01 0.00000E+00 0.26587E-03 0.15393E+00
  0.16230E+04 0.13230E+02 0.45342E-01 0.00000E+00 0.25994E-03 0.14665E+00
  0.16249E+04 0.12553E+02 0.43083E-01 0.00000E+00 0.25337E-03 0.13949E+00
  0.16267E+04 0.11890E+02 0.40872E-01 0.00000E+00 0.24615E-03 0.13246E+00
  0.16286E+04 0.11245E+02 0.38716E-01 0.00000E+00 0.23833E-03 0.12559E+00
  0.16304E+04 0.10619E+02 0.36620E-01 0.00000E+00 0.22994E-03 0.11890E+00
  0.16323E+04 0.10012E+02 0.34583E-01 0.00000E+00 0.22104E-03 0.11238E+00
  0.16342E+04 0.94224E+01 0.32607E-01 0.00000E+00 0.21170E-03 0.10605E+00
  0.16360E+04 0.88520E+01 0.30695E-01 0.00000E+00 0.20198E-03 0.99915E-01
  0.16379E+04 0.83012E+01 0.28850E-01 0.00000E+00 0.19197E-03 0.93991E-01
  0.16398E+04 0.77721E+01 0.27076E-01 0.00000E+00 0.18174E-03 0.88289E-01
  0.16417E+04 0.72666E+01 0.25378E-01 0.00000E+00 0.17140E-03 0.82821E-01
  0.16435E+04 0.67835E+01 0.23757E-01 0.00000E+00 0.16102E-03 0.77594E-01
  0.16454E+04 0.63253E+01 0.22217E-01 0.00000E+00 0.15069E-03 0.72620E-01
  0.16473E+04 0.58937E+01 0.20760E-01 0.00000E+00 0.14049E-03 0.67907E-01
  0.16492E+04 0.54857E+01 0.19388E-01 0.00000E+00 0.13051E-03 0.63458E-01
  0.16511E+04 0.51065E+01 0.18105E-01 0.00000E+00 0.12080E-03 0.59282E-01
  0.16531E+04 0.47538E+01 0.16908E-01 0.00000E+00 0.11143E-03 0.55377E-01
  0.16550E+04 0.44273E+01 0.15799E-01 0.00000E+00 0.10244E-03 0.51738E-01
  0.16569E+04 0.41272E+01 0.14771E-01 0.00000E+00 0.93879E-04 0.48356E-01
  0.16588E+04 0.38486E+01 0.13819E-01 0.00000E+00 0.85780E-04 0.45216E-01
  0.16607E+04 0.35942E+01 0.12941E-01 0.00000E+00 0.78154E-04 0.42306E-01
  0.16627E+04 0.33566E+01 0.12128E-01 0.00000E+00 0.71022E-04 0.39609E-01
  0.16646E+04 0.31406E+01 0.11380E-01 0.00000E+00 0.00000E+00 0.37114E-01
  0.16666E+04 0.29433E+01 0.10690E-01 0.00000E+00 0.00000E+00 0.34805E-01
  0.16685E+04 0.27584E+01 0.10047E-01 0.00000E+00 0.00000E+00 0.32655E-01
  0.16705E+04 0.25856E+01 0.94461E-02 0.00000E+00 0.00000E+00 0.30649E-01
  0.16724E+04 0.24245E+01 0.88832E-02 0.00000E+00 0.00000E+00 0.28771E-01
  0.16744E+04 0.22721E+01 0.83527E-02 0.00000E+00 0.00000E+00 0.27008E-01
  0.16763E+04 0.21289E+01 0.78526E-02 0.00000E+00 0.00000E+00 0.25350E-01
  0.16783E+04 0.19925E+01 0.73803E-02 0.00000E+00 0.00000E+00 0.23791E-01
  0.16803E+04 0.18651E+01 0.69357E-02 0.00000E+00 0.00000E+00 0.22328E-01
  0.16823E+04 0.17460E+01 0.65184E-02 0.00000E+00 0.00000E+00 0.20957E-01
  0.16842E+04 0.16334E+01 0.61265E-02 0.00000E+00 0.00000E+00 0.19674E-01
  0.16862E+04 0.15287E+01 0.57609E-02 0.00000E+00 0.00000E+00 0.18477E-01
  0.16882E+04 0.14314E+01 0.54225E-02 0.00000E+00 0.00000E+00 0.17369E-01
  0.16902E+04 0.13442E+01 0.51100E-02 0.00000E+00 0.00000E+00 0.16343E-01
  0.16922E+04 0.12622E+01 0.48207E-02 0.00000E+00 0.00000E+00 0.15394E-01
  0.16942E+04 0.11873E+01 0.45540E-02 0.00000E+00 0.00000E+00 0.14518E-01
  0.16962E+04 0.11185E+01 0.43089E-02 0.00000E+00 0.00000E+00 0.13712E-01
  0.16983E+04 0.10559E+01 0.40836E-02 0.00000E+00 0.00000E+00 0.12971E-01
  0.17003E+04 0.99807E+00 0.38762E-02 0.00000E+00 0.00000E+00 0.12289E-01
  0.17023E+04 0.94549E+00 0.36862E-02 0.00000E+00 0.00000E+00 0.11663E-01
  0.17043E+04 0.89806E+00 0.35127E-02 0.00000E+00 0.00000E+00 0.11090E-01
  0.17064E+04 0.85516E+00 0.33541E-02 0.00000E+00 0.00000E+00 0.10565E-01
  0.17084E+04 0.81578E+00 0.32078E-02 0.00000E+00 0.00000E+00 0.10080E-01
  0.17105E+04 0.77890E+00 0.30711E-02 0.00000E+00 0.00000E+00 0.96291E-02
  0.17125E+04 0.74392E+00 0.29426E-02 0.00000E+00 0.00000E+00 0.92082E-02
  0.17146E+04 0.71123E+00 0.28223E-02 0.00000E+00 0.00000E+00 0.88156E-02
  0.17166E+04 0.68099E+00 0.27104E-02 0.00000E+00 0.00000E+00 0.84505E-02
  0.17187E+04 0.65361E+00 0.26066E-02 0.00000E+00 0.00000E+00 0.81108E-02
  0.17208E+04 0.62788E+00 0.25092E-02 0.00000E+00 0.00000E+00 0.77923E-02
  0.17228E+04 0.60326E+00 0.24165E-02 0.00000E+00 0.00000E+00 0.74907E-02
  0.17249E+04 0.57976E+00 0.23275E-02 0.00000E+00 0.00000E+00 0.72025E-02
  0.17270E+04 0.55648E+00 0.22407E-02 0.00000E+00 0.00000E+00 0.69245E-02
