697    18       17     3.5526507878E-03     2.4218555E-02
  0.93788E+03 0.00000E+00 0.00000E+00 0.00000E+00 0.00000E+00 0.00000E+00
  0.93849E+03 0.00000E+00 0.00000E+00 0.00000E+00 0.00000E+00 0.00000E+00
  0.93911E+03 0.10051E-06 0.00000E+00 0.00000E+00 0.00000E+00 0.00000E+00
  0.93973E+03 0.12510E-06 0.00000E+00 0.00000E+00 0.00000E+00 0.00000E+00
  0.94035E+03 0.00000E+00 0.00000E+00 0.00000E+00 0.00000E+00 0.00000E+00
  0.94096E+03 0.00000E+00 0.00000E+00 0.00000E+00 0.00000E+00 0.00000E+00
  0.94159E+03 0.00000E+00 0.00000E+00 0.00000E+00 0.00000E+00 0.00000E+00
  0.94221E+03 0.00000E+00 0.00000E+00 0.00000E+00 0.00000E+00 0.00000E+00
  0.94283E+03 0.00000E+00 0.00000E+00 0.00000E+00 0.00000E+00 0.00000E+00
  0.94345E+03 0.12782E-06 0.00000E+00 0.00000E+00 0.00000E+00 0.00000E+00
  0.94407E+03 0.11578E-06 0.00000E+00 0.00000E+00 0.00000E+00 0.00000E+00
  0.94470E+03 0.00000E+00 0.00000E+00 0.00000E+00 0.00000E+00 0.00000E+00
  0.94532E+03 0.00000E+00 0.00000E+00 0.00000E+00 0.00000E+00 0.00000E+00
  0.94595E+03 0.00000E+00 0.00000E+00 0.00000E+00 0.00000E+00 0.00000E+00
  0.94658E+03 0.00000E+00 0.00000E+00 0.00000E+00 0.00000E+00 0.00000E+00
  0.94720E+03 0.78296E-07 0.00000E+00 0.00000E+00 0.00000E+00 0.00000E+00
  0.94783E+03 0.14556E-06 0.00000E+00 0.00000E+00 0.00000E+00 0.00000E+00
  0.94846E+03 0.93108E-07 0.00000E+00 0.00000E+00 0.00000E+00 0.00000E+00
  0.94909E+03 0.00000E+00 0.00000E+00 0.00000E+00 0.00000E+00 0.00000E+00
  0.94972E+03 0.00000E+00 0.00000E+00 0.00000E+00 0.00000E+00 0.00000E+00
  0.95035E+03 0.00000E+00 0.00000E+00 0.00000E+00 0.00000E+00 0.00000E+00
  0.95099E+03 0.00000E+00 0.00000E+00 0.00000E+00 0.00000E+00 0.00000E+00
  0.95162E+03 0.11886E-06 0.00000E+00 0.00000E+00 0.00000E+00 0.00000E+00
  0.95225E+03 0.15059E-06 0.00000E+00 0.00000E+00 0.00000E+00 0.00000E+00
  0.95289E+03 0.00000E+00 0.00000E+00 0.28924E-03 0.00000E+00 0.00000E+00
  0.95353E+03 0.00000E+00 0.00000E+00 0.98846E-03 0.00000E+00 0.00000E+00
  0.95416E+03 0.00000E+00 0.00000E+00 0.17900E-02 0.76882E-04 0.00000E+00
  0.95480E+03 0.00000E+00 0.00000E+00 0.26968E-02 0.99597E-04 0.00000E+00
  0.95544E+03 0.00000E+00 0.00000E+00 0.37500E-02 0.12540E-03 0.00000E+00
  0.95608E+03 0.15276E-06 0.00000E+00 0.49351E-02 0.15477E-03 0.00000E+00
  0.95672E+03 0.14072E-06 0.00000E+00 0.63152E-02 0.18814E-03 0.00000E+00
  0.95736E+03 0.00000E+00 0.00000E+00 0.78688E-02 0.22608E-03 0.00000E+00
  0.95800E+03 0.00000E+00 0.00000E+00 0.96457E-02 0.26909E-03 0.00000E+00
  0.95864E+03 0.00000E+00 0.00000E+00 0.11670E-01 0.31797E-03 0.00000E+00
  0.95929E+03 0.00000E+00 0.00000E+00 0.13993E-01 0.37356E-03 0.00000E+00
  0.95993E+03 0.92127E-07 0.00000E+00 0.16648E-01 0.43679E-03 0.00000E+00
  0.96058E+03 0.17554E-06 0.00000E+00 0.19662E-01 0.50856E-03 0.72916E-04
  0.96123E+03 0.11469E-06 0.00000E+00 0.23086E-01 0.59000E-03 0.84520E-04
  0.96187E+03 0.00000E+00 0.00000E+00 0.27007E-01 0.68248E-03 0.97655E-04
  0.96252E+03 0.00000E+00 0.00000E+00 0.31473E-01 0.78756E-03 0.11251E-03
  0.96317E+03 0.00000E+00 0.00000E+00 0.36559E-01 0.90679E-03 0.12931E-03
  0.96382E+03 0.00000E+00 0.00000E+00 0.42354E-01 0.10421E-02 0.14831E-03
  0.96447E+03 0.14213E-06 0.00000E+00 0.48947E-01 0.11956E-02 0.16978E-03
  0.96512E+03 0.18328E-06 0.00000E+00 0.56498E-01 0.13696E-02 0.19405E-03
  0.96577E+03 0.72822E-07 0.00000E+00 0.65073E-01 0.15659E-02 0.22132E-03
  0.96643E+03 0.00000E+00 0.00000E+00 0.74662E-01 0.17856E-02 0.25169E-03
  0.96708E+03 0.00000E+00 0.00000E+00 0.85360E-01 0.20296E-02 0.28526E-03
  0.96774E+03 0.00000E+00 0.00000E+00 0.97100E-01 0.22977E-02 0.32196E-03
  0.96839E+03 0.00000E+00 0.00000E+00 0.10986E+00 0.25894E-02 0.36169E-03
  0.96905E+03 0.18465E-06 0.00000E+00 0.12360E+00 0.29036E-02 0.40430E-03
  0.96971E+03 0.17295E-06 0.00000E+00 0.13824E+00 0.32388E-02 0.44955E-03
  0.97037E+03 0.00000E+00 0.00000E+00 0.15366E+00 0.35928E-02 0.49711E-03
  0.97103E+03 0.00000E+00 0.00000E+00 0.16973E+00 0.39626E-02 0.54661E-03
  0.97169E+03 0.00000E+00 0.00000E+00 0.18634E+00 0.43452E-02 0.59758E-03
  0.97235E+03 0.00000E+00 0.00000E+00 0.20321E+00 0.47361E-02 0.64939E-03
  0.97301E+03 0.10967E-06 0.00000E+00 0.22014E+00 0.51302E-02 0.70137E-03
  0.97367E+03 0.21427E-06 0.00000E+00 0.23689E+00 0.55224E-02 0.75285E-03
  0.97434E+03 0.14284E-06 0.00000E+00 0.25325E+00 0.59075E-02 0.80314E-03
  0.97500E+03 0.00000E+00 0.00000E+00 0.26892E+00 0.62800E-02 0.85152E-03
  0.97567E+03 0.00000E+00 0.00000E+00 0.28367E+00 0.66342E-02 0.89726E-03
  0.97633E+03 0.00000E+00 0.00000E+00 0.29730E+00 0.69648E-02 0.93969E-03
  0.97700E+03 0.00000E+00 0.00000E+00 0.30952E+00 0.72673E-02 0.97820E-03
  0.97767E+03 0.17201E-06 0.00000E+00 0.32021E+00 0.75373E-02 0.10123E-02
  0.97834E+03 0.22585E-06 0.00000E+00 0.32927E+00 0.77721E-02 0.10418E-02
  0.97901E+03 0.92925E-07 0.00000E+00 0.33664E+00 0.79697E-02 0.10664E-02
  0.97968E+03 0.00000E+00 0.00000E+00 0.34228E+00 0.81300E-02 0.10862E-02
  0.98035E+03 0.00000E+00 0.00000E+00 0.34625E+00 0.82539E-02 0.11014E-02
  0.98103E+03 0.00000E+00 0.00000E+00 0.34873E+00 0.83445E-02 0.11124E-02
  0.98170E+03 0.00000E+00 0.00000E+00 0.35000E+00 0.84068E-02 0.11200E-02
  0.98238E+03 0.22612E-06 0.00000E+00 0.35036E+00 0.84467E-02 0.11252E-02
  0.98305E+03 0.21535E-06 0.00000E+00 0.35024E+00 0.84731E-02 0.11291E-02
  0.98373E+03 0.00000E+00 0.00000E+00 0.35010E+00 0.84961E-02 0.11332E-02
  0.98441E+03 0.00000E+00 0.00000E+00 0.35045E+00 0.85259E-02 0.11387E-02
  0.98509E+03 0.00000E+00 0.00000E+00 0.35183E+00 0.85746E-02 0.11473E-02
  0.98577E+03 0.00000E+00 0.00000E+00 0.35466E+00 0.86524E-02 0.11604E-02
  0.98645E+03 0.13219E-06 0.00000E+00 0.35957E+00 0.87708E-02 0.11793E-02
  0.98713E+03 0.26505E-06 0.00000E+00 0.36697E+00 0.89400E-02 0.12055E-02
  0.98781E+03 0.18027E-06 0.00000E+00 0.37713E+00 0.91680E-02 0.12397E-02
  0.98849E+03 0.00000E+00 0.00000E+00 0.39039E+00 0.94610E-02 0.12828E-02
  0.98918E+03 0.00000E+00 0.00000E+00 0.40689E+00 0.98244E-02 0.13351E-02
  0.98986E+03 0.00000E+00 0.00000E+00 0.42664E+00 0.10258E-01 0.13968E-02
  0.99055E+03 0.00000E+00 0.00000E+00 0.44948E+00 0.10760E-01 0.14672E-02
  0.99124E+03 0.21114E-06 0.00000E+00 0.47511E+00 0.11325E-01 0.15455E-02
  0.99193E+03 0.28229E-06 0.00000E+00 0.50299E+00 0.11944E-01 0.16302E-02
  0.99262E+03 0.12003E-06 0.00000E+00 0.53247E+00 0.12603E-01 0.17195E-02
  0.99331E+03 0.00000E+00 0.00000E+00 0.56281E+00 0.13287E-01 0.18113E-02
  0.99400E+03 0.00000E+00 0.00000E+00 0.59329E+00 0.13980E-01 0.19034E-02
  0.99469E+03 0.00000E+00 0.00000E+00 0.62299E+00 0.14665E-01 0.19933E-02
  0.99538E+03 0.00000E+00 0.00000E+00 0.65104E+00 0.15320E-01 0.20786E-02
  0.99608E+03 0.28103E-06 0.00000E+00 0.67660E+00 0.15931E-01 0.21571E-02
  0.99677E+03 0.27226E-06 0.00000E+00 0.69912E+00 0.16481E-01 0.22269E-02
  0.99747E+03 0.00000E+00 0.00000E+00 0.71800E+00 0.16958E-01 0.22866E-02
  0.99816E+03 0.00000E+00 0.00000E+00 0.73289E+00 0.17354E-01 0.23352E-02
  0.99886E+03 0.00000E+00 0.00000E+00 0.74371E+00 0.17664E-01 0.23726E-02
  0.99956E+03 0.00000E+00 0.00000E+00 0.75068E+00 0.17890E-01 0.23992E-02
  0.10003E+04 0.16173E-06 0.00000E+00 0.75407E+00 0.18040E-01 0.24161E-02
  0.10010E+04 0.33323E-06 0.00000E+00 0.75468E+00 0.18125E-01 0.24256E-02
  0.10017E+04 0.23118E-06 0.00000E+00 0.75366E+00 0.18166E-01 0.24302E-02
  0.10024E+04 0.00000E+00 0.00000E+00 0.75190E+00 0.18184E-01 0.24332E-02
  0.10031E+04 0.00000E+00 0.00000E+00 0.75062E+00 0.18205E-01 0.24379E-02
  0.10038E+04 0.00000E+00 0.00000E+00 0.75109E+00 0.18255E-01 0.24478E-02
  0.10045E+04 0.00000E+00 0.00000E+00 0.75474E+00 0.18360E-01 0.24664E-02
  0.10052E+04 0.26344E-06 0.00000E+00 0.76252E+00 0.18546E-01 0.24969E-02
  0.10059E+04 0.35886E-06 0.00000E+00 0.77531E+00 0.18834E-01 0.25417E-02
  0.10066E+04 0.15756E-06 0.00000E+00 0.79399E+00 0.19239E-01 0.26027E-02
  0.10073E+04 0.00000E+00 0.00000E+00 0.81862E+00 0.19771E-01 0.26807E-02
  0.10080E+04 0.00000E+00 0.00000E+00 0.84920E+00 0.20428E-01 0.27751E-02
  0.10087E+04 0.00000E+00 0.00000E+00 0.88514E+00 0.21205E-01 0.28846E-02
  0.10094E+04 0.71617E-07 0.00000E+00 0.92560E+00 0.22083E-01 0.30065E-02
  0.10102E+04 0.35566E-06 0.00000E+00 0.96911E+00 0.23039E-01 0.31373E-02
  0.10109E+04 0.35034E-06 0.00000E+00 0.10144E+01 0.24044E-01 0.32730E-02
  0.10116E+04 0.00000E+00 0.00000E+00 0.10598E+01 0.25064E-01 0.34088E-02
  0.10123E+04 0.00000E+00 0.00000E+00 0.11034E+01 0.26061E-01 0.35397E-02
  0.10130E+04 0.00000E+00 0.00000E+00 0.11434E+01 0.27000E-01 0.36610E-02
  0.10137E+04 0.00000E+00 0.00000E+00 0.11786E+01 0.27848E-01 0.37689E-02
  0.10145E+04 0.20151E-06 0.00000E+00 0.12076E+01 0.28578E-01 0.38602E-02
  0.10152E+04 0.42676E-06 0.00000E+00 0.12300E+01 0.29175E-01 0.39333E-02
  0.10159E+04 0.30195E-06 0.00000E+00 0.12458E+01 0.29633E-01 0.39879E-02
  0.10166E+04 0.00000E+00 0.00000E+00 0.12549E+01 0.29955E-01 0.40250E-02
  0.10174E+04 0.00000E+00 0.00000E+00 0.12586E+01 0.30157E-01 0.40475E-02
  0.10181E+04 0.00000E+00 0.00000E+00 0.12587E+01 0.30270E-01 0.40600E-02
  0.10188E+04 0.00000E+00 0.00000E+00 0.12568E+01 0.30330E-01 0.40675E-02
  0.10195E+04 0.33513E-06 0.00000E+00 0.12552E+01 0.30381E-01 0.40761E-02
  0.10203E+04 0.46524E-06 0.00000E+00 0.12563E+01 0.30470E-01 0.40924E-02
  0.10210E+04 0.21076E-06 0.00000E+00 0.12622E+01 0.30644E-01 0.41222E-02
  0.10217E+04 0.00000E+00 0.00000E+00 0.12751E+01 0.30947E-01 0.41710E-02
  0.10225E+04 0.00000E+00 0.00000E+00 0.12961E+01 0.31411E-01 0.42426E-02
  0.10232E+04 0.00000E+00 0.00000E+00 0.13261E+01 0.32058E-01 0.43392E-02
  0.10239E+04 0.85151E-07 0.00000E+00 0.13654E+01 0.32895E-01 0.44611E-02
  0.10247E+04 0.45928E-06 0.00000E+00 0.14133E+01 0.33917E-01 0.46067E-02
  0.10254E+04 0.46042E-06 0.00000E+00 0.14683E+01 0.35098E-01 0.47720E-02
  0.10261E+04 0.77355E-07 0.00000E+00 0.15284E+01 0.36401E-01 0.49511E-02
  0.10269E+04 0.00000E+00 0.00000E+00 0.15910E+01 0.37775E-01 0.51370E-02
  0.10276E+04 0.00000E+00 0.00000E+00 0.16528E+01 0.39162E-01 0.53214E-02
  0.10283E+04 0.00000E+00 0.00000E+00 0.17114E+01 0.40500E-01 0.54965E-02
  0.10291E+04 0.25637E-06 0.00000E+00 0.17635E+01 0.41733E-01 0.56549E-02
  0.10298E+04 0.55877E-06 0.00000E+00 0.18076E+01 0.42813E-01 0.57908E-02
  0.10306E+04 0.40341E-06 0.00000E+00 0.18417E+01 0.43705E-01 0.59005E-02
  0.10313E+04 0.00000E+00 0.00000E+00 0.18655E+01 0.44390E-01 0.59824E-02
  0.10321E+04 0.00000E+00 0.00000E+00 0.18796E+01 0.44873E-01 0.60382E-02
  0.10328E+04 0.00000E+00 0.00000E+00 0.18854E+01 0.45178E-01 0.60721E-02
  0.10335E+04 0.00000E+00 0.00000E+00 0.18856E+01 0.45350E-01 0.60910E-02
  0.10343E+04 0.43655E-06 0.00000E+00 0.18832E+01 0.45450E-01 0.61036E-02
  0.10350E+04 0.61796E-06 0.00000E+00 0.18820E+01 0.45548E-01 0.61199E-02
  0.10358E+04 0.28861E-06 0.00000E+00 0.18862E+01 0.45725E-01 0.61505E-02
  0.10365E+04 0.00000E+00 0.00000E+00 0.18987E+01 0.46051E-01 0.62043E-02
  0.10373E+04 0.00000E+00 0.00000E+00 0.19223E+01 0.46586E-01 0.62885E-02
  0.10381E+04 0.00000E+00 0.00000E+00 0.19590E+01 0.47374E-01 0.64080E-02
  0.10388E+04 0.10366E-06 0.00000E+00 0.20091E+01 0.48435E-01 0.65641E-02
  0.10396E+04 0.60869E-06 0.00000E+00 0.20719E+01 0.49761E-01 0.67545E-02
  0.10403E+04 0.62114E-06 0.00000E+00 0.21451E+01 0.51318E-01 0.69734E-02
  0.10411E+04 0.11541E-06 0.00000E+00 0.22259E+01 0.53048E-01 0.72117E-02
  0.10418E+04 0.00000E+00 0.00000E+00 0.23090E+01 0.54868E-01 0.74578E-02
  0.10426E+04 0.00000E+00 0.00000E+00 0.23907E+01 0.56687E-01 0.76990E-02
  0.10434E+04 0.00000E+00 0.00000E+00 0.24655E+01 0.58410E-01 0.79230E-02
  0.10441E+04 0.33626E-06 0.00000E+00 0.25300E+01 0.59951E-01 0.81190E-02
  0.10449E+04 0.75339E-06 0.00000E+00 0.25808E+01 0.61243E-01 0.82789E-02
  0.10457E+04 0.55560E-06 0.00000E+00 0.26165E+01 0.62244E-01 0.83989E-02
  0.10464E+04 0.00000E+00 0.00000E+00 0.26374E+01 0.62948E-01 0.84801E-02
  0.10472E+04 0.00000E+00 0.00000E+00 0.26459E+01 0.63384E-01 0.85279E-02
  0.10480E+04 0.00000E+00 0.00000E+00 0.26449E+01 0.63618E-01 0.85524E-02
  0.10487E+04 0.00000E+00 0.00000E+00 0.26405E+01 0.63740E-01 0.85675E-02
  0.10495E+04 0.58948E-06 0.00000E+00 0.26380E+01 0.63869E-01 0.85892E-02
  0.10503E+04 0.84981E-06 0.00000E+00 0.26444E+01 0.64125E-01 0.86340E-02
  0.10510E+04 0.41294E-06 0.00000E+00 0.26642E+01 0.64623E-01 0.87157E-02
  0.10518E+04 0.00000E+00 0.00000E+00 0.27017E+01 0.65449E-01 0.88452E-02
  0.10526E+04 0.00000E+00 0.00000E+00 0.27595E+01 0.66667E-01 0.90288E-02
  0.10534E+04 0.00000E+00 0.00000E+00 0.28376E+01 0.68288E-01 0.92663E-02
  0.10541E+04 0.14047E-06 0.00000E+00 0.29333E+01 0.70284E-01 0.95506E-02
  0.10549E+04 0.84514E-06 0.00000E+00 0.30416E+01 0.72571E-01 0.98684E-02
  0.10557E+04 0.87952E-06 0.00000E+00 0.31559E+01 0.75021E-01 0.10202E-01
  0.10565E+04 0.19379E-06 0.00000E+00 0.32683E+01 0.77498E-01 0.10531E-01
  0.10573E+04 0.00000E+00 0.00000E+00 0.33707E+01 0.79832E-01 0.10835E-01
  0.10580E+04 0.00000E+00 0.00000E+00 0.34571E+01 0.81896E-01 0.11096E-01
  0.10588E+04 0.00000E+00 0.00000E+00 0.35225E+01 0.83581E-01 0.11301E-01
  0.10596E+04 0.48764E-06 0.00000E+00 0.35639E+01 0.84805E-01 0.11444E-01
  0.10604E+04 0.10871E-05 0.00000E+00 0.35817E+01 0.85577E-01 0.11528E-01
  0.10612E+04 0.83432E-06 0.00000E+00 0.35817E+01 0.85956E-01 0.11564E-01
  0.10620E+04 0.00000E+00 0.00000E+00 0.35704E+01 0.86071E-01 0.11572E-01
  0.10628E+04 0.00000E+00 0.00000E+00 0.35571E+01 0.86091E-01 0.11575E-01
  0.10636E+04 0.00000E+00 0.00000E+00 0.35522E+01 0.86213E-01 0.11602E-01
  0.10644E+04 0.00000E+00 0.00000E+00 0.35650E+01 0.86626E-01 0.11678E-01
  0.10651E+04 0.91606E-06 0.00000E+00 0.36053E+01 0.87519E-01 0.11825E-01
  0.10659E+04 0.13169E-05 0.00000E+00 0.36767E+01 0.89007E-01 0.12055E-01
  0.10667E+04 0.73444E-06 0.00000E+00 0.37815E+01 0.91139E-01 0.12373E-01
  0.10675E+04 0.00000E+00 0.00000E+00 0.39164E+01 0.93873E-01 0.12766E-01
  0.10683E+04 0.00000E+00 0.00000E+00 0.40700E+01 0.97073E-01 0.13214E-01
  0.10691E+04 0.00000E+00 0.00000E+00 0.42344E+01 0.10054E+00 0.13686E-01
  0.10699E+04 0.42047E-06 0.00000E+00 0.43939E+01 0.10401E+00 0.14147E-01
  0.10707E+04 0.14776E-05 0.00000E+00 0.45361E+01 0.10723E+00 0.14562E-01
  0.10715E+04 0.15940E-05 0.00000E+00 0.46483E+01 0.10995E+00 0.14900E-01
  0.10723E+04 0.67706E-06 0.00000E+00 0.47225E+01 0.11199E+00 0.15140E-01
  0.10731E+04 0.00000E+00 0.00000E+00 0.47567E+01 0.11327E+00 0.15275E-01
  0.10740E+04 0.00000E+00 0.00000E+00 0.47522E+01 0.11380E+00 0.15316E-01
  0.10748E+04 0.00000E+00 0.00000E+00 0.47230E+01 0.11376E+00 0.15292E-01
  0.10756E+04 0.13683E-05 0.00000E+00 0.46827E+01 0.11341E+00 0.15241E-01
  0.10764E+04 0.23673E-05 0.00000E+00 0.46492E+01 0.11310E+00 0.15210E-01
  0.10772E+04 0.21519E-05 0.00000E+00 0.46415E+01 0.11317E+00 0.15249E-01
  0.10780E+04 0.97181E-06 0.00000E+00 0.46756E+01 0.11396E+00 0.15398E-01
  0.10788E+04 0.00000E+00 0.00000E+00 0.47636E+01 0.11572E+00 0.15685E-01
  0.10796E+04 0.00000E+00 0.00000E+00 0.49070E+01 0.11855E+00 0.16118E-01
  0.10805E+04 0.14620E-05 0.00000E+00 0.51008E+01 0.12239E+00 0.16681E-01
  0.10813E+04 0.32668E-05 0.00000E+00 0.53308E+01 0.12704E+00 0.17337E-01
  0.10821E+04 0.41969E-05 0.00000E+00 0.55761E+01 0.13212E+00 0.18032E-01
  0.10829E+04 0.37220E-05 0.00000E+00 0.58109E+01 0.13717E+00 0.18702E-01
  0.10837E+04 0.25164E-05 0.00000E+00 0.60114E+01 0.14173E+00 0.19284E-01
  0.10846E+04 0.19508E-05 0.00000E+00 0.61572E+01 0.14538E+00 0.19728E-01
  0.10854E+04 0.29799E-05 0.00000E+00 0.62372E+01 0.14784E+00 0.20005E-01
  0.10862E+04 0.53311E-05 0.00000E+00 0.62502E+01 0.14905E+00 0.20113E-01
  0.10870E+04 0.76936E-05 0.00000E+00 0.62079E+01 0.14914E+00 0.20086E-01
  0.10879E+04 0.87850E-05 0.00000E+00 0.61346E+01 0.14851E+00 0.19983E-01
  0.10887E+04 0.84508E-05 0.00000E+00 0.60641E+01 0.14771E+00 0.19886E-01
  0.10895E+04 0.78587E-05 0.00000E+00 0.60260E+01 0.14735E+00 0.19878E-01
  0.10903E+04 0.85996E-05 0.00000E+00 0.60511E+01 0.14802E+00 0.20033E-01
  0.10912E+04 0.11392E-04 0.00000E+00 0.61597E+01 0.15016E+00 0.20404E-01
  0.10920E+04 0.15467E-04 0.00000E+00 0.63588E+01 0.15400E+00 0.21007E-01
  0.10928E+04 0.19179E-04 0.00000E+00 0.66410E+01 0.15946E+00 0.21819E-01
  0.10937E+04 0.21389E-04 0.00000E+00 0.69770E+01 0.16617E+00 0.22776E-01
  0.10945E+04 0.22493E-04 0.00000E+00 0.73350E+01 0.17351E+00 0.23785E-01
  0.10954E+04 0.24209E-04 0.00000E+00 0.76672E+01 0.18074E+00 0.24741E-01
  0.10962E+04 0.28257E-04 0.00000E+00 0.79426E+01 0.18710E+00 0.25552E-01
  0.10970E+04 0.34976E-04 0.00000E+00 0.81273E+01 0.19204E+00 0.26148E-01
  0.10979E+04 0.43059E-04 0.00000E+00 0.82173E+01 0.19526E+00 0.26507E-01
  0.10987E+04 0.50662E-04 0.00000E+00 0.82214E+01 0.19687E+00 0.26662E-01
  0.10996E+04 0.57044E-04 0.00000E+00 0.81727E+01 0.19732E+00 0.26689E-01
  0.11004E+04 0.63371E-04 0.00000E+00 0.81131E+01 0.19742E+00 0.26710E-01
  0.11013E+04 0.71976E-04 0.00000E+00 0.81084E+01 0.19818E+00 0.26867E-01
  0.11021E+04 0.84623E-04 0.11590E-06 0.82031E+01 0.20059E+00 0.27290E-01
  0.11030E+04 0.10118E-03 0.19522E-06 0.84386E+01 0.20544E+00 0.28068E-01
  0.11038E+04 0.11988E-03 0.28679E-06 0.88223E+01 0.21312E+00 0.29235E-01
  0.11047E+04 0.13898E-03 0.39249E-06 0.93467E+01 0.22354E+00 0.30756E-01
  0.11055E+04 0.15854E-03 0.51452E-06 0.99651E+01 0.23614E+00 0.32533E-01
  0.11064E+04 0.18085E-03 0.65538E-06 0.10625E+02 0.24997E+00 0.34425E-01
  0.11072E+04 0.20901E-03 0.81801E-06 0.11264E+02 0.26392E+00 0.36277E-01
  0.11081E+04 0.24483E-03 0.10057E-05 0.11823E+02 0.27691E+00 0.37951E-01
  0.11090E+04 0.28784E-03 0.12223E-05 0.12271E+02 0.28815E+00 0.39360E-01
  0.11098E+04 0.33616E-03 0.14724E-05 0.12596E+02 0.29734E+00 0.40485E-01
  0.11107E+04 0.38882E-03 0.17611E-05 0.12832E+02 0.30477E+00 0.41397E-01
  0.11116E+04 0.44747E-03 0.20941E-05 0.13036E+02 0.31129E+00 0.42233E-01
  0.11124E+04 0.51619E-03 0.24786E-05 0.13275E+02 0.31803E+00 0.43151E-01
  0.11133E+04 0.59932E-03 0.29223E-05 0.13614E+02 0.32609E+00 0.44296E-01
  0.11142E+04 0.69919E-03 0.34344E-05 0.14081E+02 0.33624E+00 0.45750E-01
  0.11150E+04 0.81578E-03 0.40252E-05 0.14685E+02 0.34861E+00 0.47502E-01
  0.11159E+04 0.94806E-03 0.47071E-05 0.15366E+02 0.36258E+00 0.49429E-01
  0.11168E+04 0.10975E-02 0.54940E-05 0.16044E+02 0.37678E+00 0.51326E-01
  0.11176E+04 0.12691E-02 0.64019E-05 0.16616E+02 0.38952E+00 0.52950E-01
  0.11185E+04 0.14702E-02 0.74493E-05 0.16982E+02 0.39913E+00 0.54086E-01
  0.11194E+04 0.17083E-02 0.86585E-05 0.17103E+02 0.40457E+00 0.54635E-01
  0.11203E+04 0.19879E-02 0.10053E-04 0.17002E+02 0.40589E+00 0.54652E-01
  0.11212E+04 0.23116E-02 0.11662E-04 0.16758E+02 0.40421E+00 0.54340E-01
  0.11220E+04 0.26829E-02 0.13518E-04 0.16502E+02 0.40162E+00 0.54014E-01
  0.11229E+04 0.31093E-02 0.15659E-04 0.16391E+02 0.40064E+00 0.54027E-01
  0.11238E+04 0.36033E-02 0.18130E-04 0.16537E+02 0.40352E+00 0.54656E-01
  0.11247E+04 0.41806E-02 0.20979E-04 0.16987E+02 0.41146E+00 0.56008E-01
  0.11256E+04 0.48564E-02 0.24266E-04 0.17688E+02 0.42428E+00 0.57986E-01
  0.11265E+04 0.56433E-02 0.28058E-04 0.18528E+02 0.44046E+00 0.60338E-01
  0.11273E+04 0.65541E-02 0.32431E-04 0.19371E+02 0.45783E+00 0.62742E-01
  0.11282E+04 0.76049E-02 0.37475E-04 0.20089E+02 0.47416E+00 0.64910E-01
  0.11291E+04 0.88202E-02 0.43292E-04 0.20621E+02 0.48802E+00 0.66694E-01
  0.11300E+04 0.10232E-01 0.50001E-04 0.21008E+02 0.49912E+00 0.68115E-01
  0.11309E+04 0.11876E-01 0.57738E-04 0.21291E+02 0.50808E+00 0.69292E-01
  0.11318E+04 0.13791E-01 0.66660E-04 0.21560E+02 0.51593E+00 0.70382E-01
  0.11327E+04 0.16015E-01 0.76949E-04 0.21840E+02 0.52361E+00 0.71501E-01
  0.11336E+04 0.18591E-01 0.88811E-04 0.22168E+02 0.53172E+00 0.72720E-01
  0.11345E+04 0.21574E-01 0.10249E-03 0.22525E+02 0.54049E+00 0.74045E-01
  0.11354E+04 0.25032E-01 0.11826E-03 0.22884E+02 0.55007E+00 0.75496E-01
  0.11363E+04 0.29048E-01 0.13644E-03 0.23324E+02 0.56108E+00 0.77199E-01
  0.11372E+04 0.33720E-01 0.15740E-03 0.23906E+02 0.57475E+00 0.79318E-01
  0.11381E+04 0.39149E-01 0.18157E-03 0.24725E+02 0.59193E+00 0.81972E-01
  0.11390E+04 0.45448E-01 0.20943E-03 0.25741E+02 0.61252E+00 0.85073E-01
  0.11399E+04 0.52752E-01 0.24154E-03 0.26794E+02 0.63472E+00 0.88321E-01
  0.11409E+04 0.61219E-01 0.27856E-03 0.27731E+02 0.65602E+00 0.91361E-01
  0.11418E+04 0.71049E-01 0.32122E-03 0.28374E+02 0.67465E+00 0.93990E-01
  0.11427E+04 0.82457E-01 0.37039E-03 0.28888E+02 0.69114E+00 0.96449E-01
  0.11436E+04 0.95720E-01 0.42706E-03 0.29552E+02 0.70887E+00 0.99276E-01
  0.11445E+04 0.11111E+00 0.49236E-03 0.30620E+02 0.73065E+00 0.10285E+00
  0.11454E+04 0.12898E+00 0.56762E-03 0.31971E+02 0.75657E+00 0.10698E+00
  0.11463E+04 0.14970E+00 0.65434E-03 0.33211E+02 0.78228E+00 0.11094E+00
  0.11473E+04 0.17375E+00 0.75427E-03 0.33921E+02 0.80265E+00 0.11403E+00
  0.11482E+04 0.20165E+00 0.86937E-03 0.34028E+02 0.81605E+00 0.11626E+00
  0.11491E+04 0.23406E+00 0.10021E-02 0.34066E+02 0.82748E+00 0.11864E+00
  0.11500E+04 0.27168E+00 0.11549E-02 0.34809E+02 0.84650E+00 0.12262E+00
  0.11510E+04 0.31536E+00 0.13309E-02 0.36707E+02 0.88047E+00 0.12904E+00
  0.11519E+04 0.36604E+00 0.15336E-02 0.39487E+02 0.92831E+00 0.13735E+00
  0.11528E+04 0.42486E+00 0.17672E-02 0.42215E+02 0.97987E+00 0.14579E+00
  0.11538E+04 0.49311E+00 0.20363E-02 0.43941E+02 0.10212E+01 0.15248E+00
  0.11547E+04 0.57234E+00 0.23461E-02 0.44134E+02 0.10441E+01 0.15666E+00
  0.11556E+04 0.66433E+00 0.27030E-02 0.43459E+02 0.10532E+01 0.15965E+00
  0.11566E+04 0.77112E+00 0.31138E-02 0.43412E+02 0.10651E+01 0.16425E+00
  0.11575E+04 0.89501E+00 0.35871E-02 0.45325E+02 0.10967E+01 0.17271E+00
  0.11584E+04 0.10389E+01 0.41319E-02 0.48722E+02 0.11508E+01 0.18447E+00
  0.11594E+04 0.12058E+01 0.47594E-02 0.51793E+02 0.12127E+01 0.19696E+00
  0.11603E+04 0.13995E+01 0.54819E-02 0.53691E+02 0.12689E+01 0.20881E+00
  0.11613E+04 0.16245E+01 0.63137E-02 0.55503E+02 0.13209E+01 0.22129E+00
  0.11622E+04 0.18855E+01 0.72714E-02 0.58548E+02 0.13773E+01 0.23565E+00
  0.11631E+04 0.21886E+01 0.83743E-02 0.61431E+02 0.14329E+01 0.25025E+00
  0.11641E+04 0.25403E+01 0.96444E-02 0.61984E+02 0.14728E+01 0.26302E+00
  0.11650E+04 0.29485E+01 0.11107E-01 0.61480E+02 0.15012E+01 0.27629E+00
  0.11660E+04 0.34223E+01 0.12792E-01 0.63592E+02 0.15480E+01 0.29537E+00
  0.11669E+04 0.39722E+01 0.14732E-01 0.69296E+02 0.16320E+01 0.32170E+00
  0.11679E+04 0.46106E+01 0.16967E-01 0.74771E+02 0.17341E+01 0.35088E+00
  0.11689E+04 0.53515E+01 0.19543E-01 0.77599E+02 0.18228E+01 0.37943E+00
  0.11698E+04 0.62116E+01 0.22510E-01 0.79758E+02 0.18944E+01 0.40901E+00
  0.11708E+04 0.72098E+01 0.25930E-01 0.82566E+02 0.19653E+01 0.44231E+00
  0.11717E+04 0.83682E+01 0.29872E-01 0.85570E+02 0.20476E+01 0.48114E+00
  0.11727E+04 0.97134E+01 0.34417E-01 0.90814E+02 0.21478E+01 0.52752E+00
  0.11737E+04 0.11274E+02 0.39658E-01 0.96972E+02 0.22600E+01 0.57956E+00
  0.11746E+04 0.13086E+02 0.45702E-01 0.98846E+02 0.23638E+01 0.63459E+00
  0.11756E+04 0.15190E+02 0.52676E-01 0.10246E+03 0.24710E+01 0.69942E+00
  0.11766E+04 0.17630E+02 0.60721E-01 0.11251E+03 0.26160E+01 0.77820E+00
  0.11775E+04 0.20464E+02 0.70007E-01 0.11792E+03 0.27765E+01 0.86437E+00
  0.11785E+04 0.23753E+02 0.80739E-01 0.12199E+03 0.29305E+01 0.96176E+00
  0.11795E+04 0.27570E+02 0.93216E-01 0.13430E+03 0.31145E+01 0.10783E+01
  0.11804E+04 0.32212E+02 0.10770E+00 0.14288E+03 0.33093E+01 0.12063E+01
  0.11814E+04 0.37414E+02 0.12419E+00 0.14321E+03 0.34700E+01 0.13440E+01
  0.11824E+04 0.43278E+02 0.14267E+00 0.15197E+03 0.36585E+01 0.15074E+01
  0.11834E+04 0.49753E+02 0.16339E+00 0.17086E+03 0.39404E+01 0.17000E+01
  0.11844E+04 0.57198E+02 0.18699E+00 0.18182E+03 0.42506E+01 0.19111E+01
  0.11853E+04 0.65994E+02 0.21397E+00 0.19334E+03 0.45316E+01 0.21440E+01
  0.11863E+04 0.75995E+02 0.24419E+00 0.20189E+03 0.48331E+01 0.24045E+01
  0.11873E+04 0.86680E+02 0.27692E+00 0.22010E+03 0.51939E+01 0.26998E+01
  0.11883E+04 0.97790E+02 0.31183E+00 0.24271E+03 0.56585E+01 0.30237E+01
  0.11893E+04 0.10992E+03 0.34957E+00 0.26589E+03 0.61581E+01 0.33732E+01
  0.11903E+04 0.12337E+03 0.39084E+00 0.28696E+03 0.66784E+01 0.37443E+01
  0.11913E+04 0.13832E+03 0.43572E+00 0.29745E+03 0.72071E+01 0.41493E+01
  0.11923E+04 0.15416E+03 0.48292E+00 0.34284E+03 0.79115E+01 0.46081E+01
  0.11933E+04 0.16941E+03 0.53098E+00 0.37953E+03 0.87519E+01 0.50858E+01
  0.11943E+04 0.18521E+03 0.58140E+00 0.40904E+03 0.96295E+01 0.55824E+01
  0.11953E+04 0.20369E+03 0.63616E+00 0.45166E+03 0.10645E+02 0.61316E+01
  0.11963E+04 0.22282E+03 0.69391E+00 0.51391E+03 0.11867E+02 0.67376E+01
  0.11973E+04 0.24199E+03 0.75278E+00 0.57299E+03 0.13286E+02 0.73781E+01
  0.11983E+04 0.25980E+03 0.81382E+00 0.62949E+03 0.14952E+02 0.80706E+01
  0.11993E+04 0.28235E+03 0.88263E+00 0.74561E+03 0.17019E+02 0.88762E+01
  0.12003E+04 0.30789E+03 0.95943E+00 0.83594E+03 0.19680E+02 0.98083E+01
  0.12013E+04 0.33193E+03 0.10443E+01 0.98041E+03 0.22927E+02 0.10901E+02
  0.12023E+04 0.36371E+03 0.11482E+01 0.11718E+04 0.27168E+02 0.12252E+02
  0.12033E+04 0.40718E+03 0.12811E+01 0.14197E+04 0.32730E+02 0.13982E+02
  0.12043E+04 0.45570E+03 0.14517E+01 0.17340E+04 0.40019E+02 0.16240E+02
  0.12053E+04 0.53170E+03 0.16862E+01 0.21494E+04 0.49983E+02 0.19291E+02
  0.12064E+04 0.63014E+03 0.20125E+01 0.28063E+04 0.63942E+02 0.23600E+02
  0.12074E+04 0.77626E+03 0.24915E+01 0.37088E+04 0.83980E+02 0.29786E+02
  0.12084E+04 0.10173E+04 0.32130E+01 0.50204E+04 0.11406E+03 0.39120E+02
  0.12094E+04 0.13635E+04 0.43477E+01 0.72091E+04 0.16215E+03 0.53925E+02
  0.12105E+04 0.19691E+04 0.62544E+01 0.10965E+05 0.24578E+03 0.79322E+02
  0.12115E+04 0.31916E+04 0.98115E+01 0.18636E+05 0.40700E+03 0.12728E+03
  0.12125E+04 0.56479E+04 0.17589E+02 0.36719E+05 0.75860E+03 0.23244E+03
  0.12135E+04 0.13928E+05 0.37847E+02 0.94888E+05 0.15899E+04 0.49242E+03
  0.12146E+04 0.57288E+05 0.81950E+02 0.36415E+06 0.31535E+04 0.10094E+04
  0.12156E+04 0.12263E+06 0.11609E+03 0.60097E+06 0.51143E+04 0.15442E+04
  0.12166E+04 0.61584E+05 0.88642E+02 0.69533E+06 0.57118E+04 0.15032E+04
  0.12177E+04 0.16563E+05 0.43780E+02 0.19951E+06 0.41096E+04 0.87232E+03
  0.12187E+04 0.53892E+04 0.19764E+02 0.80813E+05 0.21507E+04 0.42625E+03
  0.12198E+04 0.31220E+04 0.97384E+01 0.41944E+05 0.11780E+04 0.22377E+03
  0.12208E+04 0.17550E+04 0.56986E+01 0.24921E+05 0.71002E+03 0.13029E+03
  0.12218E+04 0.43277E+03 0.36728E+01 0.15971E+05 0.46011E+03 0.87364E+02
  0.12229E+04 0.91240E+03 0.28691E+01 0.11372E+05 0.31699E+03 0.59185E+02
  0.12239E+04 0.12737E+04 0.26899E+01 0.79724E+04 0.22928E+03 0.47830E+02
  0.12250E+04 0.00000E+00 0.18404E+01 0.61642E+04 0.17281E+03 0.37359E+02
  0.12260E+04 0.96559E+03 0.20422E+01 0.51877E+04 0.13811E+03 0.30768E+02
  0.12271E+04 0.56773E+03 0.19670E+01 0.43274E+04 0.11468E+03 0.29664E+02
  0.12281E+04 0.38292E+03 0.15197E+01 0.36786E+04 0.97222E+02 0.24681E+02
  0.12292E+04 0.52287E+03 0.15522E+01 0.34091E+04 0.85570E+02 0.22169E+02
  0.12303E+04 0.73221E+03 0.15998E+01 0.32385E+04 0.78079E+02 0.21795E+02
  0.12313E+04 0.14901E+03 0.12909E+01 0.29788E+04 0.70792E+02 0.19966E+02
  0.12324E+04 0.54438E+03 0.13437E+01 0.24529E+04 0.61080E+02 0.17163E+02
  0.12334E+04 0.44033E+03 0.13962E+01 0.18402E+04 0.49672E+02 0.16608E+02
  0.12345E+04 0.41931E+03 0.12355E+01 0.13301E+04 0.38823E+02 0.14382E+02
  0.12356E+04 0.32436E+03 0.10098E+01 0.10177E+04 0.30193E+02 0.11723E+02
  0.12366E+04 0.23923E+03 0.93250E+00 0.82336E+03 0.23982E+02 0.10208E+02
  0.12377E+04 0.29714E+03 0.99956E+00 0.65368E+03 0.19468E+02 0.98277E+01
  0.12388E+04 0.40110E+03 0.11231E+01 0.56404E+03 0.16015E+02 0.10098E+02
  0.12399E+04 0.43577E+03 0.10791E+01 0.44830E+03 0.13461E+02 0.99300E+01
  0.12409E+04 0.16824E+03 0.85746E+00 0.42261E+03 0.11482E+02 0.85950E+01
  0.12420E+04 0.29830E+03 0.75251E+00 0.36433E+03 0.99922E+01 0.70705E+01
  0.12431E+04 0.10431E+03 0.66420E+00 0.28366E+03 0.84819E+01 0.65408E+01
  0.12442E+04 0.27696E+03 0.76300E+00 0.26777E+03 0.72592E+01 0.63684E+01
  0.12453E+04 0.30283E+03 0.85306E+00 0.20963E+03 0.63452E+01 0.70905E+01
  0.12464E+04 0.27340E+03 0.78269E+00 0.20692E+03 0.56126E+01 0.68445E+01
  0.12474E+04 0.16569E+03 0.66335E+00 0.20526E+03 0.51379E+01 0.60253E+01
  0.12485E+04 0.21567E+03 0.62510E+00 0.15426E+03 0.45460E+01 0.53438E+01
  0.12496E+04 0.16564E+03 0.57204E+00 0.13810E+03 0.39503E+01 0.50708E+01
  0.12507E+04 0.14966E+03 0.55761E+00 0.13871E+03 0.36010E+01 0.47424E+01
  0.12518E+04 0.21696E+03 0.60058E+00 0.12114E+03 0.33224E+01 0.48687E+01
  0.12529E+04 0.18034E+03 0.59734E+00 0.11416E+03 0.30768E+01 0.49998E+01
  0.12540E+04 0.19042E+03 0.60367E+00 0.11936E+03 0.29286E+01 0.49282E+01
  0.12551E+04 0.22767E+03 0.60693E+00 0.11099E+03 0.27699E+01 0.49128E+01
  0.12562E+04 0.16890E+03 0.49487E+00 0.92655E+02 0.25143E+01 0.43653E+01
  0.12573E+04 0.60483E+02 0.33512E+00 0.81490E+02 0.22745E+01 0.32677E+01
  0.12584E+04 0.59442E+02 0.29040E+00 0.84223E+02 0.21646E+01 0.25979E+01
  0.12595E+04 0.12146E+03 0.34830E+00 0.91125E+02 0.21582E+01 0.27882E+01
  0.12607E+04 0.12141E+03 0.37762E+00 0.88622E+02 0.21248E+01 0.30972E+01
  0.12618E+04 0.11661E+03 0.37789E+00 0.79920E+02 0.20115E+01 0.31121E+01
  0.12629E+04 0.12369E+03 0.37556E+00 0.73045E+02 0.18657E+01 0.30647E+01
  0.12640E+04 0.10799E+03 0.35344E+00 0.67538E+02 0.17282E+01 0.29429E+01
  0.12651E+04 0.93189E+02 0.33659E+00 0.61193E+02 0.16032E+01 0.27884E+01
  0.12662E+04 0.11662E+03 0.35512E+00 0.57095E+02 0.15190E+01 0.28130E+01
  0.12674E+04 0.13112E+03 0.35821E+00 0.62017E+02 0.15058E+01 0.28764E+01
  0.12685E+04 0.96505E+02 0.29738E+00 0.66568E+02 0.15243E+01 0.25899E+01
  0.12696E+04 0.50083E+02 0.21394E+00 0.63891E+02 0.14746E+01 0.20094E+01
  0.12707E+04 0.35878E+02 0.17222E+00 0.49889E+02 0.13218E+01 0.15604E+01
  0.12719E+04 0.49886E+02 0.18029E+00 0.37732E+02 0.11432E+01 0.14766E+01
  0.12730E+04 0.62893E+02 0.20353E+00 0.38334E+02 0.10696E+01 0.16151E+01
  0.12741E+04 0.70717E+02 0.22384E+00 0.48524E+02 0.11268E+01 0.17764E+01
  0.12753E+04 0.78682E+02 0.23576E+00 0.55781E+02 0.12099E+01 0.18809E+01
  0.12764E+04 0.76875E+02 0.22564E+00 0.52380E+02 0.11974E+01 0.18485E+01
  0.12776E+04 0.56803E+02 0.18823E+00 0.39957E+02 0.10790E+01 0.16227E+01
  0.12787E+04 0.34861E+02 0.14922E+00 0.32010E+02 0.94651E+00 0.13213E+01
  0.12799E+04 0.32477E+02 0.13986E+00 0.33258E+02 0.89901E+00 0.11780E+01
  0.12810E+04 0.47609E+02 0.16249E+00 0.40676E+02 0.94279E+00 0.12782E+01
  0.12822E+04 0.66533E+02 0.19204E+00 0.44898E+02 0.10036E+01 0.14871E+01
  0.12833E+04 0.69851E+02 0.19736E+00 0.44020E+02 0.10139E+01 0.15811E+01
  0.12845E+04 0.54875E+02 0.17079E+00 0.38721E+02 0.96728E+00 0.14499E+01
  0.12856E+04 0.34962E+02 0.13130E+00 0.34327E+02 0.90577E+00 0.11772E+01
  0.12868E+04 0.23109E+02 0.10348E+00 0.33930E+02 0.87201E+00 0.93966E+00
  0.12879E+04 0.23392E+02 0.98765E-01 0.36192E+02 0.88060E+00 0.85373E+00
  0.12891E+04 0.32760E+02 0.11226E+00 0.38800E+02 0.90489E+00 0.91419E+00
  0.12903E+04 0.42670E+02 0.12885E+00 0.39041E+02 0.91856E+00 0.10292E+01
  0.12914E+04 0.44615E+02 0.13290E+00 0.37749E+02 0.91484E+00 0.10847E+01
  0.12926E+04 0.37854E+02 0.12020E+00 0.36922E+02 0.89562E+00 0.10242E+01
  0.12938E+04 0.26938E+02 0.99036E-01 0.35385E+02 0.87539E+00 0.88484E+00
  0.12949E+04 0.19357E+02 0.83364E-01 0.35410E+02 0.85888E+00 0.75497E+00
  0.12961E+04 0.20121E+02 0.82748E-01 0.34614E+02 0.84758E+00 0.71474E+00
  0.12973E+04 0.27738E+02 0.95652E-01 0.34363E+02 0.83750E+00 0.77761E+00
  0.12985E+04 0.35749E+02 0.11210E+00 0.34248E+02 0.82924E+00 0.89042E+00
  0.12996E+04 0.40273E+02 0.12260E+00 0.34048E+02 0.82430E+00 0.98092E+00
  0.13008E+04 0.39609E+02 0.12338E+00 0.34009E+02 0.81903E+00 0.10098E+01
  0.13020E+04 0.35895E+02 0.11682E+00 0.33440E+02 0.81341E+00 0.97827E+00
  0.13032E+04 0.31733E+02 0.10864E+00 0.33287E+02 0.80109E+00 0.92151E+00
  0.13044E+04 0.30215E+02 0.10434E+00 0.32155E+02 0.78871E+00 0.88069E+00
  0.13056E+04 0.31592E+02 0.10511E+00 0.31386E+02 0.77816E+00 0.87480E+00
  0.13068E+04 0.33467E+02 0.10803E+00 0.31836E+02 0.77619E+00 0.89254E+00
  0.13080E+04 0.34677E+02 0.10945E+00 0.32569E+02 0.78357E+00 0.90720E+00
  0.13092E+04 0.33705E+02 0.10676E+00 0.33669E+02 0.79588E+00 0.89816E+00
  0.13104E+04 0.30402E+02 0.10005E+00 0.33901E+02 0.80346E+00 0.85870E+00
  0.13116E+04 0.27331E+02 0.91924E-01 0.33754E+02 0.80157E+00 0.80113E+00
  0.13128E+04 0.24178E+02 0.84812E-01 0.32647E+02 0.78912E+00 0.74573E+00
  0.13140E+04 0.22926E+02 0.81544E-01 0.31596E+02 0.77159E+00 0.71027E+00
  0.13152E+04 0.23922E+02 0.83317E-01 0.30929E+02 0.75846E+00 0.70920E+00
  0.13164E+04 0.26610E+02 0.88676E-01 0.30859E+02 0.74987E+00 0.73867E+00
  0.13176E+04 0.29217E+02 0.94725E-01 0.31046E+02 0.74716E+00 0.78158E+00
  0.13188E+04 0.31186E+02 0.99631E-01 0.31209E+02 0.74141E+00 0.81983E+00
  0.13201E+04 0.32310E+02 0.10241E+00 0.30161E+02 0.72632E+00 0.84406E+00
  0.13213E+04 0.32256E+02 0.10259E+00 0.28790E+02 0.70169E+00 0.84925E+00
  0.13225E+04 0.31456E+02 0.10069E+00 0.27103E+02 0.67061E+00 0.83676E+00
  0.13237E+04 0.30065E+02 0.97527E-01 0.25446E+02 0.64102E+00 0.81318E+00
  0.13250E+04 0.28583E+02 0.94150E-01 0.24796E+02 0.61863E+00 0.78646E+00
  0.13262E+04 0.27782E+02 0.91295E-01 0.24444E+02 0.60687E+00 0.76267E+00
  0.13274E+04 0.26953E+02 0.88926E-01 0.24945E+02 0.59927E+00 0.74369E+00
  0.13287E+04 0.26532E+02 0.87072E-01 0.24356E+02 0.59332E+00 0.72775E+00
  0.13299E+04 0.26141E+02 0.85381E-01 0.23941E+02 0.58360E+00 0.71331E+00
  0.13311E+04 0.25419E+02 0.83324E-01 0.22982E+02 0.57016E+00 0.69677E+00
  0.13324E+04 0.24590E+02 0.80901E-01 0.22225E+02 0.55505E+00 0.67676E+00
  0.13336E+04 0.23529E+02 0.78323E-01 0.21973E+02 0.54645E+00 0.65677E+00
  0.13349E+04 0.22581E+02 0.76049E-01 0.22035E+02 0.54618E+00 0.63895E+00
  0.13361E+04 0.22145E+02 0.74615E-01 0.22841E+02 0.55331E+00 0.62755E+00
  0.13374E+04 0.21850E+02 0.74283E-01 0.23894E+02 0.56698E+00 0.62482E+00
  0.13386E+04 0.22507E+02 0.75373E-01 0.24402E+02 0.57969E+00 0.63085E+00
  0.13399E+04 0.23103E+02 0.77667E-01 0.24715E+02 0.58779E+00 0.64633E+00
  0.13411E+04 0.24649E+02 0.81104E-01 0.24575E+02 0.58904E+00 0.66872E+00
  0.13424E+04 0.26272E+02 0.85035E-01 0.24427E+02 0.58613E+00 0.69641E+00
  0.13437E+04 0.27648E+02 0.88520E-01 0.23824E+02 0.58224E+00 0.72333E+00
  0.13449E+04 0.28514E+02 0.90929E-01 0.24103E+02 0.58149E+00 0.74462E+00
  0.13462E+04 0.28923E+02 0.92120E-01 0.24204E+02 0.58652E+00 0.75788E+00
  0.13475E+04 0.29041E+02 0.91992E-01 0.24973E+02 0.59383E+00 0.76170E+00
  0.13487E+04 0.28297E+02 0.90401E-01 0.25637E+02 0.60128E+00 0.75502E+00
  0.13500E+04 0.27261E+02 0.87586E-01 0.25232E+02 0.60199E+00 0.73683E+00
  0.13513E+04 0.25787E+02 0.83730E-01 0.24689E+02 0.59364E+00 0.70951E+00
  0.13526E+04 0.24071E+02 0.79419E-01 0.23793E+02 0.57545E+00 0.67572E+00
  0.13538E+04 0.22740E+02 0.75583E-01 0.22121E+02 0.55083E+00 0.64226E+00
  0.13551E+04 0.21614E+02 0.72666E-01 0.21102E+02 0.52682E+00 0.61530E+00
  0.13564E+04 0.21050E+02 0.70995E-01 0.20244E+02 0.50907E+00 0.59726E+00
  0.13577E+04 0.21003E+02 0.70711E-01 0.20041E+02 0.49993E+00 0.59057E+00
  0.13590E+04 0.21451E+02 0.71726E-01 0.20390E+02 0.50119E+00 0.59536E+00
  0.13603E+04 0.22283E+02 0.73789E-01 0.21024E+02 0.50715E+00 0.60909E+00
  0.13616E+04 0.23366E+02 0.76557E-01 0.21473E+02 0.51342E+00 0.62901E+00
  0.13629E+04 0.24626E+02 0.79494E-01 0.21351E+02 0.51531E+00 0.65068E+00
  0.13642E+04 0.25588E+02 0.81963E-01 0.20857E+02 0.51161E+00 0.66980E+00
  0.13655E+04 0.26181E+02 0.83486E-01 0.20359E+02 0.50380E+00 0.68251E+00
  0.13668E+04 0.26360E+02 0.83750E-01 0.19830E+02 0.49712E+00 0.68698E+00
  0.13681E+04 0.25876E+02 0.82586E-01 0.19870E+02 0.49858E+00 0.68266E+00
  0.13694E+04 0.24979E+02 0.80076E-01 0.20646E+02 0.51208E+00 0.66986E+00
  0.13707E+04 0.23530E+02 0.76564E-01 0.22213E+02 0.53962E+00 0.65076E+00
  0.13720E+04 0.22228E+02 0.72842E-01 0.24420E+02 0.57971E+00 0.62922E+00
  0.13734E+04 0.20999E+02 0.69208E-01 0.26782E+02 0.62842E+00 0.60846E+00
  0.13747E+04 0.19622E+02 0.65793E-01 0.29318E+02 0.67862E+00 0.58895E+00
  0.13760E+04 0.18684E+02 0.63192E-01 0.31430E+02 0.72700E+00 0.57309E+00
  0.13773E+04 0.18276E+02 0.61706E-01 0.33229E+02 0.76963E+00 0.56394E+00
  0.13787E+04 0.18075E+02 0.61241E-01 0.34402E+02 0.80617E+00 0.56205E+00
  0.13800E+04 0.18350E+02 0.61687E-01 0.35637E+02 0.83824E+00 0.56674E+00
  0.13813E+04 0.18791E+02 0.62867E-01 0.36697E+02 0.86991E+00 0.57755E+00
  0.13827E+04 0.19570E+02 0.64602E-01 0.38182E+02 0.90340E+00 0.59342E+00
  0.13840E+04 0.20251E+02 0.66501E-01 0.39949E+02 0.94333E+00 0.61263E+00
  0.13853E+04 0.20980E+02 0.68221E-01 0.42031E+02 0.99069E+00 0.63231E+00
  0.13867E+04 0.21364E+02 0.69425E-01 0.44684E+02 0.10451E+01 0.65022E+00
  0.13880E+04 0.21705E+02 0.70203E-01 0.47560E+02 0.11057E+01 0.66505E+00
  0.13894E+04 0.21792E+02 0.70467E-01 0.50606E+02 0.11677E+01 0.67684E+00
  0.13907E+04 0.21647E+02 0.70129E-01 0.53370E+02 0.12274E+01 0.68353E+00
  0.13921E+04 0.21315E+02 0.69303E-01 0.55598E+02 0.12790E+01 0.68494E+00
  0.13935E+04 0.20853E+02 0.68200E-01 0.57280E+02 0.13154E+01 0.68154E+00
  0.13948E+04 0.20453E+02 0.67168E-01 0.57661E+02 0.13336E+01 0.67496E+00
  0.13962E+04 0.20169E+02 0.66238E-01 0.57053E+02 0.13273E+01 0.66580E+00
  0.13975E+04 0.19788E+02 0.65430E-01 0.55252E+02 0.12958E+01 0.65408E+00
  0.13989E+04 0.19731E+02 0.65037E-01 0.52251E+02 0.12398E+01 0.64139E+00
  0.14003E+04 0.19707E+02 0.64952E-01 0.47972E+02 0.11615E+01 0.62867E+00
  0.14017E+04 0.19819E+02 0.65156E-01 0.43433E+02 0.10655E+01 0.61607E+00
  0.14030E+04 0.20020E+02 0.65583E-01 0.38182E+02 0.95909E+00 0.60421E+00
  0.14044E+04 0.20265E+02 0.66066E-01 0.33057E+02 0.84684E+00 0.59267E+00
  0.14058E+04 0.20344E+02 0.66437E-01 0.28103E+02 0.73566E+00 0.58149E+00
  0.14072E+04 0.20528E+02 0.66640E-01 0.23587E+02 0.63052E+00 0.56985E+00
  0.14086E+04 0.20455E+02 0.66591E-01 0.19494E+02 0.53414E+00 0.55820E+00
  0.14100E+04 0.20367E+02 0.66325E-01 0.16089E+02 0.44826E+00 0.54623E+00
  0.14114E+04 0.20216E+02 0.65873E-01 0.13160E+02 0.37439E+00 0.53433E+00
  0.14128E+04 0.20001E+02 0.65226E-01 0.10635E+02 0.31099E+00 0.52240E+00
  0.14141E+04 0.19687E+02 0.64387E-01 0.86348E+01 0.25773E+00 0.51025E+00
  0.14155E+04 0.19385E+02 0.63481E-01 0.70366E+01 0.21301E+00 0.49821E+00
  0.14170E+04 0.18985E+02 0.62464E-01 0.56738E+01 0.17598E+00 0.48667E+00
  0.14184E+04 0.18691E+02 0.61483E-01 0.45878E+01 0.14524E+00 0.47530E+00
  0.14198E+04 0.18331E+02 0.60673E-01 0.36773E+01 0.12018E+00 0.46604E+00
  0.14212E+04 0.18214E+02 0.60187E-01 0.31209E+01 0.99408E-01 0.45891E+00
  0.14226E+04 0.18189E+02 0.59988E-01 0.25157E+01 0.82972E-01 0.45475E+00
  0.14240E+04 0.18179E+02 0.59850E-01 0.20725E+01 0.69587E-01 0.45184E+00
  0.14254E+04 0.18099E+02 0.59736E-01 0.17197E+01 0.58638E-01 0.44955E+00
  0.14269E+04 0.18138E+02 0.59775E-01 0.15016E+01 0.50022E-01 0.44824E+00
  0.14283E+04 0.18243E+02 0.59839E-01 0.12155E+01 0.42651E-01 0.44761E+00
  0.14297E+04 0.18155E+02 0.59758E-01 0.10939E+01 0.36428E-01 0.44660E+00
  0.14311E+04 0.18072E+02 0.59618E-01 0.82965E+00 0.31211E-01 0.44492E+00
  0.14326E+04 0.18101E+02 0.59523E-01 0.77822E+00 0.26617E-01 0.44336E+00
  0.14340E+04 0.17988E+02 0.59411E-01 0.60792E+00 0.22331E-01 0.44211E+00
  0.14355E+04 0.17986E+02 0.59387E-01 0.50792E+00 0.18702E-01 0.44108E+00
  0.14369E+04 0.17992E+02 0.59485E-01 0.41870E+00 0.15869E-01 0.44122E+00
  0.14384E+04 0.18105E+02 0.59701E-01 0.34501E+00 0.13453E-01 0.44209E+00
  0.14398E+04 0.18209E+02 0.60030E-01 0.28402E+00 0.11404E-01 0.44398E+00
  0.14413E+04 0.18368E+02 0.60455E-01 0.23351E+00 0.96823E-02 0.44662E+00
  0.14427E+04 0.18487E+02 0.60917E-01 0.19142E+00 0.82383E-02 0.44989E+00
  0.14442E+04 0.18674E+02 0.61568E-01 0.15672E+00 0.70257E-02 0.45408E+00
  0.14456E+04 0.19084E+02 0.62509E-01 0.12763E+00 0.60086E-02 0.46022E+00
  0.14471E+04 0.19390E+02 0.63509E-01 0.10372E+00 0.51547E-02 0.46767E+00
  0.14486E+04 0.19730E+02 0.64527E-01 0.83980E-01 0.44380E-02 0.47514E+00
  0.14500E+04 0.20124E+02 0.65566E-01 0.67616E-01 0.38351E-02 0.48287E+00
  0.14515E+04 0.20455E+02 0.66514E-01 0.53816E-01 0.33260E-02 0.49022E+00
  0.14530E+04 0.20674E+02 0.67287E-01 0.42504E-01 0.28951E-02 0.49661E+00
  0.14545E+04 0.20901E+02 0.67909E-01 0.33151E-01 0.25309E-02 0.50170E+00
  0.14559E+04 0.21103E+02 0.68430E-01 0.25392E-01 0.22229E-02 0.50592E+00
  0.14574E+04 0.21222E+02 0.68769E-01 0.19085E-01 0.19616E-02 0.50906E+00
  0.14589E+04 0.21217E+02 0.68931E-01 0.13819E-01 0.17391E-02 0.51087E+00
  0.14604E+04 0.21252E+02 0.69039E-01 0.92763E-02 0.15486E-02 0.51193E+00
  0.14619E+04 0.21290E+02 0.69121E-01 0.57496E-02 0.13862E-02 0.51272E+00
  0.14634E+04 0.21292E+02 0.69168E-01 0.27888E-02 0.12473E-02 0.51323E+00
  0.14649E+04 0.21241E+02 0.69202E-01 0.35968E-03 0.11277E-02 0.51369E+00
  0.14664E+04 0.21363E+02 0.69317E-01 0.00000E+00 0.10237E-02 0.51421E+00
  0.14679E+04 0.21340E+02 0.69398E-01 0.00000E+00 0.93406E-03 0.51515E+00
  0.14694E+04 0.21377E+02 0.69486E-01 0.00000E+00 0.85665E-03 0.51574E+00
  0.14709E+04 0.21462E+02 0.69642E-01 0.00000E+00 0.78952E-03 0.51678E+00
  0.14725E+04 0.21502E+02 0.69777E-01 0.00000E+00 0.73133E-03 0.51792E+00
  0.14740E+04 0.21585E+02 0.69851E-01 0.00000E+00 0.68106E-03 0.51857E+00
  0.14755E+04 0.21552E+02 0.69770E-01 0.00000E+00 0.63730E-03 0.51838E+00
  0.14770E+04 0.21463E+02 0.69466E-01 0.00000E+00 0.59932E-03 0.51663E+00
  0.14785E+04 0.21284E+02 0.68978E-01 0.00000E+00 0.56578E-03 0.51337E+00
  0.14801E+04 0.21079E+02 0.68363E-01 0.00000E+00 0.53595E-03 0.50910E+00
  0.14816E+04 0.20869E+02 0.67569E-01 0.00000E+00 0.50894E-03 0.50347E+00
  0.14832E+04 0.20463E+02 0.66564E-01 0.00000E+00 0.48520E-03 0.49650E+00
  0.14847E+04 0.20119E+02 0.65457E-01 0.00000E+00 0.46406E-03 0.48822E+00
  0.14862E+04 0.19704E+02 0.64247E-01 0.00000E+00 0.44567E-03 0.47933E+00
  0.14878E+04 0.19251E+02 0.62956E-01 0.00000E+00 0.42950E-03 0.46964E+00
  0.14893E+04 0.18835E+02 0.61608E-01 0.00000E+00 0.41510E-03 0.45945E+00
  0.14909E+04 0.18276E+02 0.60243E-01 0.00000E+00 0.40225E-03 0.44908E+00
  0.14925E+04 0.17938E+02 0.59004E-01 0.00000E+00 0.39040E-03 0.43910E+00
  0.14940E+04 0.17496E+02 0.57822E-01 0.00000E+00 0.37921E-03 0.42988E+00
  0.14956E+04 0.17130E+02 0.56767E-01 0.00000E+00 0.36890E-03 0.42134E+00
  0.14971E+04 0.16850E+02 0.55885E-01 0.00000E+00 0.35958E-03 0.41397E+00
  0.14987E+04 0.16619E+02 0.55167E-01 0.00000E+00 0.35083E-03 0.40788E+00
  0.15003E+04 0.16451E+02 0.54608E-01 0.00000E+00 0.34246E-03 0.40297E+00
  0.15019E+04 0.16327E+02 0.54188E-01 0.00000E+00 0.33471E-03 0.39914E+00
  0.15034E+04 0.16236E+02 0.53831E-01 0.00000E+00 0.32709E-03 0.39605E+00
  0.15050E+04 0.16096E+02 0.53488E-01 0.00000E+00 0.31973E-03 0.39320E+00
  0.15066E+04 0.16057E+02 0.53257E-01 0.00000E+00 0.31299E-03 0.39083E+00
  0.15082E+04 0.15998E+02 0.53028E-01 0.00000E+00 0.30656E-03 0.38899E+00
  0.15098E+04 0.15859E+02 0.52744E-01 0.00000E+00 0.30029E-03 0.38676E+00
  0.15114E+04 0.15832E+02 0.52499E-01 0.00000E+00 0.29408E-03 0.38452E+00
  0.15130E+04 0.15671E+02 0.52181E-01 0.00000E+00 0.28788E-03 0.38224E+00
  0.15146E+04 0.15554E+02 0.51856E-01 0.00000E+00 0.28169E-03 0.37952E+00
  0.15162E+04 0.15443E+02 0.51555E-01 0.00000E+00 0.27543E-03 0.37706E+00
  0.15178E+04 0.15340E+02 0.51288E-01 0.00000E+00 0.26890E-03 0.37472E+00
  0.15194E+04 0.15234E+02 0.51138E-01 0.00000E+00 0.26290E-03 0.37315E+00
  0.15211E+04 0.15267E+02 0.51160E-01 0.00000E+00 0.25761E-03 0.37261E+00
  0.15227E+04 0.15313E+02 0.51300E-01 0.00000E+00 0.25212E-03 0.37318E+00
  0.15243E+04 0.15324E+02 0.51554E-01 0.00000E+00 0.24613E-03 0.37463E+00
  0.15259E+04 0.15484E+02 0.52036E-01 0.00000E+00 0.23998E-03 0.37744E+00
  0.15276E+04 0.15709E+02 0.52785E-01 0.00000E+00 0.23369E-03 0.38228E+00
  0.15292E+04 0.16039E+02 0.53818E-01 0.00000E+00 0.22749E-03 0.38919E+00
  0.15308E+04 0.16496E+02 0.55148E-01 0.00000E+00 0.22122E-03 0.39826E+00
  0.15325E+04 0.16975E+02 0.56698E-01 0.00000E+00 0.21479E-03 0.40938E+00
  0.15341E+04 0.17579E+02 0.58462E-01 0.00000E+00 0.20847E-03 0.42196E+00
  0.15358E+04 0.18211E+02 0.60436E-01 0.00000E+00 0.20231E-03 0.43631E+00
  0.15374E+04 0.18938E+02 0.62591E-01 0.00000E+00 0.19616E-03 0.45205E+00
  0.15391E+04 0.19692E+02 0.64826E-01 0.00000E+00 0.18992E-03 0.46873E+00
  0.15407E+04 0.20410E+02 0.67070E-01 0.00000E+00 0.18373E-03 0.48570E+00
  0.15424E+04 0.21179E+02 0.69371E-01 0.00000E+00 0.17755E-03 0.50293E+00
  0.15441E+04 0.21954E+02 0.71692E-01 0.00000E+00 0.17190E-03 0.52052E+00
  0.15457E+04 0.22703E+02 0.73952E-01 0.00000E+00 0.16686E-03 0.53786E+00
  0.15474E+04 0.23398E+02 0.76083E-01 0.00000E+00 0.16237E-03 0.55436E+00
  0.15491E+04 0.24025E+02 0.78066E-01 0.00000E+00 0.15808E-03 0.56982E+00
  0.15508E+04 0.24586E+02 0.79920E-01 0.00000E+00 0.15407E-03 0.58434E+00
  0.15525E+04 0.25151E+02 0.81686E-01 0.00000E+00 0.15015E-03 0.59802E+00
  0.15541E+04 0.25679E+02 0.83384E-01 0.00000E+00 0.14642E-03 0.61119E+00
  0.15558E+04 0.26194E+02 0.85035E-01 0.00000E+00 0.14319E-03 0.62388E+00
  0.15575E+04 0.26714E+02 0.86666E-01 0.00000E+00 0.14045E-03 0.63634E+00
  0.15592E+04 0.27196E+02 0.88277E-01 0.00000E+00 0.13802E-03 0.64869E+00
  0.15609E+04 0.27722E+02 0.89874E-01 0.00000E+00 0.13571E-03 0.66087E+00
  0.15626E+04 0.28160E+02 0.91477E-01 0.00000E+00 0.13347E-03 0.67312E+00
  0.15644E+04 0.28730E+02 0.93243E-01 0.00000E+00 0.13112E-03 0.68613E+00
  0.15661E+04 0.29378E+02 0.95185E-01 0.00000E+00 0.12886E-03 0.70046E+00
  0.15678E+04 0.30007E+02 0.97202E-01 0.00000E+00 0.12653E-03 0.71571E+00
  0.15695E+04 0.30701E+02 0.99306E-01 0.00000E+00 0.12417E-03 0.73146E+00
  0.15712E+04 0.31423E+02 0.10151E+00 0.00000E+00 0.12159E-03 0.74803E+00
  0.15730E+04 0.32155E+02 0.10379E+00 0.00000E+00 0.11883E-03 0.76531E+00
  0.15747E+04 0.32957E+02 0.10614E+00 0.00000E+00 0.11607E-03 0.78303E+00
  0.15764E+04 0.33746E+02 0.10852E+00 0.00000E+00 0.11329E-03 0.80120E+00
  0.15782E+04 0.34558E+02 0.11088E+00 0.00000E+00 0.11042E-03 0.81938E+00
  0.15799E+04 0.35279E+02 0.11317E+00 0.00000E+00 0.10741E-03 0.83717E+00
  0.15817E+04 0.36094E+02 0.11538E+00 0.00000E+00 0.10454E-03 0.85433E+00
  0.15834E+04 0.36725E+02 0.11732E+00 0.00000E+00 0.10190E-03 0.87010E+00
  0.15852E+04 0.37284E+02 0.11900E+00 0.00000E+00 0.99489E-04 0.88380E+00
  0.15870E+04 0.37766E+02 0.12038E+00 0.00000E+00 0.97378E-04 0.89538E+00
  0.15887E+04 0.38128E+02 0.12137E+00 0.00000E+00 0.95740E-04 0.90419E+00
  0.15905E+04 0.38265E+02 0.12191E+00 0.00000E+00 0.94482E-04 0.90994E+00
  0.15923E+04 0.38361E+02 0.12208E+00 0.00000E+00 0.93602E-04 0.91246E+00
  0.15940E+04 0.38283E+02 0.12183E+00 0.00000E+00 0.93088E-04 0.91210E+00
  0.15958E+04 0.38072E+02 0.12111E+00 0.00000E+00 0.93047E-04 0.90818E+00
  0.15976E+04 0.37672E+02 0.11992E+00 0.00000E+00 0.93575E-04 0.90066E+00
  0.15994E+04 0.37121E+02 0.11826E+00 0.00000E+00 0.94658E-04 0.88954E+00
  0.16012E+04 0.36417E+02 0.11612E+00 0.00000E+00 0.96302E-04 0.87472E+00
  0.16030E+04 0.35581E+02 0.11356E+00 0.00000E+00 0.98366E-04 0.85661E+00
  0.16048E+04 0.34580E+02 0.11061E+00 0.00000E+00 0.10081E-03 0.83536E+00
  0.16066E+04 0.33513E+02 0.10728E+00 0.00000E+00 0.10363E-03 0.81110E+00
  0.16084E+04 0.32254E+02 0.10358E+00 0.00000E+00 0.10671E-03 0.78404E+00
  0.16102E+04 0.30939E+02 0.99550E-01 0.00000E+00 0.10990E-03 0.75419E+00
  0.16120E+04 0.29490E+02 0.95253E-01 0.00000E+00 0.11308E-03 0.72229E+00
  0.16138E+04 0.28005E+02 0.90787E-01 0.00000E+00 0.11608E-03 0.68869E+00
  0.16157E+04 0.26515E+02 0.86253E-01 0.00000E+00 0.11878E-03 0.65425E+00
  0.16175E+04 0.25015E+02 0.81666E-01 0.00000E+00 0.12110E-03 0.61932E+00
  0.16193E+04 0.23496E+02 0.77010E-01 0.00000E+00 0.12302E-03 0.58388E+00
  0.16212E+04 0.21928E+02 0.72341E-01 0.00000E+00 0.12448E-03 0.54814E+00
  0.16230E+04 0.20455E+02 0.67754E-01 0.00000E+00 0.12536E-03 0.51270E+00
  0.16249E+04 0.18967E+02 0.63228E-01 0.00000E+00 0.12556E-03 0.47790E+00
  0.16267E+04 0.17508E+02 0.58813E-01 0.00000E+00 0.12503E-03 0.44369E+00
  0.16286E+04 0.16186E+02 0.54619E-01 0.00000E+00 0.12367E-03 0.41085E+00
  0.16304E+04 0.14880E+02 0.50585E-01 0.00000E+00 0.12139E-03 0.37947E+00
  0.16323E+04 0.13599E+02 0.46708E-01 0.00000E+00 0.11810E-03 0.34927E+00
  0.16342E+04 0.12444E+02 0.43057E-01 0.00000E+00 0.11369E-03 0.32057E+00
  0.16360E+04 0.11360E+02 0.39625E-01 0.00000E+00 0.10817E-03 0.29361E+00
  0.16379E+04 0.10310E+02 0.36374E-01 0.00000E+00 0.10152E-03 0.26817E+00
  0.16398E+04 0.93318E+01 0.33315E-01 0.00000E+00 0.93670E-04 0.24415E+00
  0.16417E+04 0.84447E+01 0.30473E-01 0.00000E+00 0.84663E-04 0.22177E+00
  0.16435E+04 0.76029E+01 0.27848E-01 0.00000E+00 0.74629E-04 0.20111E+00
  0.16454E+04 0.68769E+01 0.25461E-01 0.00000E+00 0.00000E+00 0.18217E+00
  0.16473E+04 0.61949E+01 0.23274E-01 0.00000E+00 0.00000E+00 0.16498E+00
  0.16492E+04 0.55759E+01 0.21278E-01 0.00000E+00 0.00000E+00 0.14924E+00
  0.16511E+04 0.50426E+01 0.19501E-01 0.00000E+00 0.00000E+00 0.13514E+00
  0.16531E+04 0.45703E+01 0.17914E-01 0.00000E+00 0.00000E+00 0.12261E+00
  0.16550E+04 0.41439E+01 0.16448E-01 0.00000E+00 0.00000E+00 0.11122E+00
  0.16569E+04 0.37055E+01 0.15074E-01 0.00000E+00 0.00000E+00 0.10066E+00
  0.16588E+04 0.33609E+01 0.13836E-01 0.00000E+00 0.00000E+00 0.91006E-01
  0.16607E+04 0.30232E+01 0.12710E-01 0.00000E+00 0.00000E+00 0.82372E-01
  0.16627E+04 0.27316E+01 0.11692E-01 0.00000E+00 0.00000E+00 0.74553E-01
  0.16646E+04 0.24565E+01 0.10764E-01 0.00000E+00 0.00000E+00 0.67552E-01
  0.16666E+04 0.22334E+01 0.99489E-02 0.00000E+00 0.00000E+00 0.61281E-01
  0.16685E+04 0.20422E+01 0.92357E-02 0.00000E+00 0.00000E+00 0.55921E-01
  0.16705E+04 0.18634E+01 0.85793E-02 0.00000E+00 0.00000E+00 0.51074E-01
  0.16724E+04 0.16909E+01 0.79812E-02 0.00000E+00 0.00000E+00 0.46713E-01
  0.16744E+04 0.15533E+01 0.74513E-02 0.00000E+00 0.00000E+00 0.42834E-01
  0.16763E+04 0.14439E+01 0.69790E-02 0.00000E+00 0.00000E+00 0.39434E-01
  0.16783E+04 0.13172E+01 0.65354E-02 0.00000E+00 0.00000E+00 0.36371E-01
  0.16803E+04 0.12181E+01 0.61229E-02 0.00000E+00 0.00000E+00 0.33494E-01
  0.16823E+04 0.11210E+01 0.57427E-02 0.00000E+00 0.00000E+00 0.30899E-01
  0.16842E+04 0.10316E+01 0.53880E-02 0.00000E+00 0.00000E+00 0.28505E-01
  0.16862E+04 0.94928E+00 0.50580E-02 0.00000E+00 0.00000E+00 0.26302E-01
  0.16882E+04 0.87363E+00 0.47515E-02 0.00000E+00 0.00000E+00 0.24277E-01
  0.16902E+04 0.80400E+00 0.44663E-02 0.00000E+00 0.00000E+00 0.22414E-01
  0.16922E+04 0.73986E+00 0.42009E-02 0.00000E+00 0.00000E+00 0.20701E-01
  0.16942E+04 0.68085E+00 0.39541E-02 0.00000E+00 0.00000E+00 0.19126E-01
  0.16962E+04 0.62660E+00 0.37250E-02 0.00000E+00 0.00000E+00 0.17677E-01
  0.16983E+04 0.57664E+00 0.35116E-02 0.00000E+00 0.00000E+00 0.16344E-01
  0.17003E+04 0.53066E+00 0.33130E-02 0.00000E+00 0.00000E+00 0.15117E-01
  0.17023E+04 0.48836E+00 0.31285E-02 0.00000E+00 0.00000E+00 0.13989E-01
  0.17043E+04 0.44942E+00 0.29567E-02 0.00000E+00 0.00000E+00 0.12950E-01
  0.17064E+04 0.41359E+00 0.27967E-02 0.00000E+00 0.00000E+00 0.11994E-01
  0.17084E+04 0.38061E+00 0.26482E-02 0.00000E+00 0.00000E+00 0.11113E-01
  0.17105E+04 0.35026E+00 0.25098E-02 0.00000E+00 0.00000E+00 0.10303E-01
  0.17125E+04 0.32234E+00 0.23810E-02 0.00000E+00 0.00000E+00 0.95561E-02
  0.17146E+04 0.29664E+00 0.22612E-02 0.00000E+00 0.00000E+00 0.88683E-02
  0.17166E+04 0.27299E+00 0.21496E-02 0.00000E+00 0.00000E+00 0.82347E-02
  0.17187E+04 0.25122E+00 0.20458E-02 0.00000E+00 0.00000E+00 0.76507E-02
  0.17208E+04 0.23119E+00 0.19492E-02 0.00000E+00 0.00000E+00 0.71126E-02
  0.17228E+04 0.21276E+00 0.18595E-02 0.00000E+00 0.00000E+00 0.66165E-02
  0.17249E+04 0.19580E+00 0.17760E-02 0.00000E+00 0.00000E+00 0.61591E-02
  0.17270E+04 0.18019E+00 0.16983E-02 0.00000E+00 0.00000E+00 0.57374E-02
