697   18       17     3.456E-03     7.98441877635E-03
  0.93788E+03 0.00000E+00 0.00000E+00 0.00000E+00 0.00000E+00 0.00000E+00
  0.93849E+03 0.00000E+00 0.00000E+00 0.00000E+00 0.00000E+00 0.00000E+00
  0.93911E+03 0.00000E+00 0.00000E+00 0.00000E+00 0.00000E+00 0.00000E+00
  0.93973E+03 0.00000E+00 0.00000E+00 0.00000E+00 0.00000E+00 0.00000E+00
  0.94035E+03 0.00000E+00 0.00000E+00 0.00000E+00 0.00000E+00 0.00000E+00
  0.94096E+03 0.00000E+00 0.00000E+00 0.00000E+00 0.00000E+00 0.00000E+00
  0.94159E+03 0.00000E+00 0.00000E+00 0.00000E+00 0.00000E+00 0.00000E+00
  0.94221E+03 0.00000E+00 0.00000E+00 0.00000E+00 0.00000E+00 0.00000E+00
  0.94283E+03 0.00000E+00 0.00000E+00 0.00000E+00 0.00000E+00 0.00000E+00
  0.94345E+03 0.00000E+00 0.00000E+00 0.00000E+00 0.00000E+00 0.00000E+00
  0.94407E+03 0.00000E+00 0.00000E+00 0.00000E+00 0.00000E+00 0.00000E+00
  0.94470E+03 0.00000E+00 0.00000E+00 0.00000E+00 0.00000E+00 0.00000E+00
  0.94532E+03 0.00000E+00 0.00000E+00 0.00000E+00 0.00000E+00 0.00000E+00
  0.94595E+03 0.00000E+00 0.00000E+00 0.00000E+00 0.00000E+00 0.00000E+00
  0.94658E+03 0.00000E+00 0.00000E+00 0.00000E+00 0.00000E+00 0.00000E+00
  0.94720E+03 0.00000E+00 0.00000E+00 0.00000E+00 0.00000E+00 0.00000E+00
  0.94783E+03 0.00000E+00 0.00000E+00 0.00000E+00 0.00000E+00 0.00000E+00
  0.94846E+03 0.00000E+00 0.00000E+00 0.00000E+00 0.00000E+00 0.00000E+00
  0.94909E+03 0.00000E+00 0.00000E+00 0.00000E+00 0.00000E+00 0.00000E+00
  0.94972E+03 0.00000E+00 0.00000E+00 0.66991E-03 0.00000E+00 0.00000E+00
  0.95035E+03 0.00000E+00 0.00000E+00 0.13771E-02 0.00000E+00 0.00000E+00
  0.95099E+03 0.00000E+00 0.00000E+00 0.21930E-02 0.00000E+00 0.00000E+00
  0.95162E+03 0.00000E+00 0.00000E+00 0.30816E-02 0.00000E+00 0.00000E+00
  0.95225E+03 0.00000E+00 0.00000E+00 0.40746E-02 0.72240E-04 0.00000E+00
  0.95289E+03 0.00000E+00 0.00000E+00 0.52100E-02 0.82363E-04 0.00000E+00
  0.95353E+03 0.00000E+00 0.00000E+00 0.65053E-02 0.93670E-04 0.00000E+00
  0.95416E+03 0.00000E+00 0.00000E+00 0.79622E-02 0.10630E-03 0.00000E+00
  0.95480E+03 0.00000E+00 0.00000E+00 0.96146E-02 0.12037E-03 0.00000E+00
  0.95544E+03 0.00000E+00 0.00000E+00 0.11446E-01 0.13607E-03 0.00000E+00
  0.95608E+03 0.00000E+00 0.00000E+00 0.13550E-01 0.15357E-03 0.00000E+00
  0.95672E+03 0.00000E+00 0.00000E+00 0.15885E-01 0.17312E-03 0.00000E+00
  0.95736E+03 0.00000E+00 0.00000E+00 0.18537E-01 0.19492E-03 0.70726E-04
  0.95800E+03 0.00000E+00 0.00000E+00 0.21520E-01 0.21926E-03 0.81205E-04
  0.95864E+03 0.00000E+00 0.00000E+00 0.24856E-01 0.24640E-03 0.92917E-04
  0.95929E+03 0.00000E+00 0.00000E+00 0.28633E-01 0.27673E-03 0.10603E-03
  0.95993E+03 0.00000E+00 0.00000E+00 0.32868E-01 0.31058E-03 0.12071E-03
  0.96058E+03 0.00000E+00 0.00000E+00 0.37666E-01 0.34841E-03 0.13715E-03
  0.96123E+03 0.00000E+00 0.00000E+00 0.43055E-01 0.39066E-03 0.15555E-03
  0.96187E+03 0.00000E+00 0.00000E+00 0.49110E-01 0.43782E-03 0.17612E-03
  0.96252E+03 0.00000E+00 0.00000E+00 0.55921E-01 0.49044E-03 0.19912E-03
  0.96317E+03 0.00000E+00 0.00000E+00 0.63582E-01 0.54915E-03 0.22486E-03
  0.96382E+03 0.00000E+00 0.00000E+00 0.72233E-01 0.61463E-03 0.25367E-03
  0.96447E+03 0.00000E+00 0.00000E+00 0.81936E-01 0.68755E-03 0.28585E-03
  0.96512E+03 0.00000E+00 0.00000E+00 0.92864E-01 0.76855E-03 0.32173E-03
  0.96577E+03 0.00000E+00 0.00000E+00 0.10508E+00 0.85807E-03 0.36148E-03
  0.96643E+03 0.00000E+00 0.00000E+00 0.11854E+00 0.95639E-03 0.40512E-03
  0.96708E+03 0.00000E+00 0.00000E+00 0.13329E+00 0.10636E-02 0.45268E-03
  0.96774E+03 0.00000E+00 0.00000E+00 0.14930E+00 0.11797E-02 0.50412E-03
  0.96839E+03 0.00000E+00 0.00000E+00 0.16655E+00 0.13045E-02 0.55931E-03
  0.96905E+03 0.00000E+00 0.00000E+00 0.18496E+00 0.14375E-02 0.61803E-03
  0.96971E+03 0.00000E+00 0.00000E+00 0.20445E+00 0.15782E-02 0.67997E-03
  0.97037E+03 0.00000E+00 0.00000E+00 0.22487E+00 0.17257E-02 0.74472E-03
  0.97103E+03 0.00000E+00 0.00000E+00 0.24607E+00 0.18790E-02 0.81175E-03
  0.97169E+03 0.00000E+00 0.00000E+00 0.26783E+00 0.20369E-02 0.88045E-03
  0.97235E+03 0.00000E+00 0.00000E+00 0.28994E+00 0.21979E-02 0.95019E-03
  0.97301E+03 0.00000E+00 0.00000E+00 0.31220E+00 0.23607E-02 0.10202E-02
  0.97367E+03 0.00000E+00 0.00000E+00 0.33429E+00 0.25233E-02 0.10898E-02
  0.97434E+03 0.00000E+00 0.00000E+00 0.35594E+00 0.26838E-02 0.11579E-02
  0.97500E+03 0.00000E+00 0.00000E+00 0.37684E+00 0.28405E-02 0.12237E-02
  0.97567E+03 0.00000E+00 0.00000E+00 0.39672E+00 0.29914E-02 0.12864E-02
  0.97633E+03 0.00000E+00 0.00000E+00 0.41531E+00 0.31347E-02 0.13452E-02
  0.97700E+03 0.00000E+00 0.00000E+00 0.43234E+00 0.32685E-02 0.13992E-02
  0.97767E+03 0.00000E+00 0.00000E+00 0.44758E+00 0.33914E-02 0.14479E-02
  0.97834E+03 0.00000E+00 0.00000E+00 0.46083E+00 0.35020E-02 0.14907E-02
  0.97901E+03 0.00000E+00 0.00000E+00 0.47200E+00 0.35993E-02 0.15271E-02
  0.97968E+03 0.00000E+00 0.00000E+00 0.48099E+00 0.36828E-02 0.15572E-02
  0.98035E+03 0.00000E+00 0.00000E+00 0.48779E+00 0.37522E-02 0.15807E-02
  0.98103E+03 0.00000E+00 0.00000E+00 0.49250E+00 0.38079E-02 0.15981E-02
  0.98170E+03 0.00000E+00 0.00000E+00 0.49527E+00 0.38507E-02 0.16098E-02
  0.98238E+03 0.00000E+00 0.00000E+00 0.49637E+00 0.38818E-02 0.16167E-02
  0.98305E+03 0.00000E+00 0.00000E+00 0.49609E+00 0.39034E-02 0.16196E-02
  0.98373E+03 0.00000E+00 0.00000E+00 0.49487E+00 0.39176E-02 0.16197E-02
  0.98441E+03 0.00000E+00 0.00000E+00 0.49306E+00 0.39271E-02 0.16185E-02
  0.98509E+03 0.00000E+00 0.00000E+00 0.49124E+00 0.39352E-02 0.16174E-02
  0.98577E+03 0.00000E+00 0.00000E+00 0.48997E+00 0.39454E-02 0.16182E-02
  0.98645E+03 0.00000E+00 0.00000E+00 0.48985E+00 0.39612E-02 0.16225E-02
  0.98713E+03 0.00000E+00 0.00000E+00 0.49148E+00 0.39863E-02 0.16321E-02
  0.98781E+03 0.00000E+00 0.00000E+00 0.49525E+00 0.40242E-02 0.16484E-02
  0.98849E+03 0.00000E+00 0.00000E+00 0.50171E+00 0.40780E-02 0.16729E-02
  0.98918E+03 0.00000E+00 0.00000E+00 0.51131E+00 0.41506E-02 0.17067E-02
  0.98986E+03 0.00000E+00 0.00000E+00 0.52435E+00 0.42444E-02 0.17509E-02
  0.99055E+03 0.00000E+00 0.00000E+00 0.54103E+00 0.43609E-02 0.18060E-02
  0.99124E+03 0.00000E+00 0.00000E+00 0.56144E+00 0.45008E-02 0.18721E-02
  0.99193E+03 0.00000E+00 0.00000E+00 0.58544E+00 0.46641E-02 0.19488E-02
  0.99262E+03 0.00000E+00 0.00000E+00 0.61283E+00 0.48497E-02 0.20356E-02
  0.99331E+03 0.00000E+00 0.00000E+00 0.64318E+00 0.50554E-02 0.21311E-02
  0.99400E+03 0.00000E+00 0.00000E+00 0.67597E+00 0.52784E-02 0.22337E-02
  0.99469E+03 0.00000E+00 0.00000E+00 0.71049E+00 0.55147E-02 0.23413E-02
  0.99538E+03 0.00000E+00 0.00000E+00 0.74595E+00 0.57598E-02 0.24517E-02
  0.99608E+03 0.00000E+00 0.00000E+00 0.78161E+00 0.60087E-02 0.25623E-02
  0.99677E+03 0.00000E+00 0.00000E+00 0.81645E+00 0.62559E-02 0.26706E-02
  0.99747E+03 0.00000E+00 0.00000E+00 0.84968E+00 0.64958E-02 0.27738E-02
  0.99816E+03 0.00000E+00 0.00000E+00 0.88033E+00 0.67231E-02 0.28696E-02
  0.99886E+03 0.00000E+00 0.00000E+00 0.90767E+00 0.69330E-02 0.29557E-02
  0.99956E+03 0.00000E+00 0.00000E+00 0.93122E+00 0.71211E-02 0.30304E-02
  0.10003E+04 0.00000E+00 0.00000E+00 0.95043E+00 0.72842E-02 0.30924E-02
  0.10010E+04 0.00000E+00 0.00000E+00 0.96512E+00 0.74209E-02 0.31413E-02
  0.10017E+04 0.00000E+00 0.00000E+00 0.97527E+00 0.75305E-02 0.31770E-02
  0.10024E+04 0.00000E+00 0.00000E+00 0.98115E+00 0.76131E-02 0.32005E-02
  0.10031E+04 0.00000E+00 0.00000E+00 0.98332E+00 0.76726E-02 0.32134E-02
  0.10038E+04 0.00000E+00 0.00000E+00 0.98257E+00 0.77125E-02 0.32179E-02
  0.10045E+04 0.00000E+00 0.00000E+00 0.97987E+00 0.77376E-02 0.32171E-02
  0.10052E+04 0.00000E+00 0.00000E+00 0.97642E+00 0.77552E-02 0.32143E-02
  0.10059E+04 0.00000E+00 0.00000E+00 0.97344E+00 0.77728E-02 0.32134E-02
  0.10066E+04 0.00000E+00 0.00000E+00 0.97222E+00 0.77978E-02 0.32179E-02
  0.10073E+04 0.00000E+00 0.00000E+00 0.97405E+00 0.78384E-02 0.32317E-02
  0.10080E+04 0.00000E+00 0.00000E+00 0.98021E+00 0.79013E-02 0.32584E-02
  0.10087E+04 0.00000E+00 0.00000E+00 0.99157E+00 0.79940E-02 0.33006E-02
  0.10094E+04 0.00000E+00 0.00000E+00 0.10090E+01 0.81212E-02 0.33606E-02
  0.10102E+04 0.00000E+00 0.00000E+00 0.10328E+01 0.82863E-02 0.34395E-02
  0.10109E+04 0.00000E+00 0.00000E+00 0.10633E+01 0.84914E-02 0.35377E-02
  0.10116E+04 0.00000E+00 0.00000E+00 0.11001E+01 0.87350E-02 0.36542E-02
  0.10123E+04 0.00000E+00 0.00000E+00 0.11425E+01 0.90144E-02 0.37868E-02
  0.10130E+04 0.00000E+00 0.00000E+00 0.11893E+01 0.93243E-02 0.39325E-02
  0.10137E+04 0.00000E+00 0.00000E+00 0.12394E+01 0.96579E-02 0.40873E-02
  0.10145E+04 0.00000E+00 0.00000E+00 0.12911E+01 0.10006E-01 0.42465E-02
  0.10152E+04 0.00000E+00 0.00000E+00 0.13426E+01 0.10359E-01 0.44052E-02
  0.10159E+04 0.00000E+00 0.00000E+00 0.13922E+01 0.10705E-01 0.45581E-02
  0.10166E+04 0.00000E+00 0.00000E+00 0.14382E+01 0.11036E-01 0.47002E-02
  0.10174E+04 0.00000E+00 0.00000E+00 0.14788E+01 0.11341E-01 0.48271E-02
  0.10181E+04 0.00000E+00 0.00000E+00 0.15131E+01 0.11613E-01 0.49355E-02
  0.10188E+04 0.00000E+00 0.00000E+00 0.15401E+01 0.11845E-01 0.50233E-02
  0.10195E+04 0.00000E+00 0.00000E+00 0.15598E+01 0.12035E-01 0.50895E-02
  0.10203E+04 0.00000E+00 0.00000E+00 0.15719E+01 0.12183E-01 0.51351E-02
  0.10210E+04 0.00000E+00 0.00000E+00 0.15779E+01 0.12291E-01 0.51627E-02
  0.10217E+04 0.00000E+00 0.00000E+00 0.15787E+01 0.12368E-01 0.51759E-02
  0.10225E+04 0.00000E+00 0.00000E+00 0.15762E+01 0.12421E-01 0.51801E-02
  0.10232E+04 0.00000E+00 0.00000E+00 0.15724E+01 0.12463E-01 0.51814E-02
  0.10239E+04 0.00000E+00 0.00000E+00 0.15698E+01 0.12505E-01 0.51865E-02
  0.10247E+04 0.00000E+00 0.00000E+00 0.15707E+01 0.12563E-01 0.52023E-02
  0.10254E+04 0.00000E+00 0.00000E+00 0.15774E+01 0.12648E-01 0.52350E-02
  0.10261E+04 0.00000E+00 0.00000E+00 0.15916E+01 0.12774E-01 0.52902E-02
  0.10269E+04 0.00000E+00 0.00000E+00 0.16150E+01 0.12949E-01 0.53717E-02
  0.10276E+04 0.68451E-07 0.00000E+00 0.16483E+01 0.13180E-01 0.54821E-02
  0.10283E+04 0.00000E+00 0.00000E+00 0.16920E+01 0.13470E-01 0.56215E-02
  0.10291E+04 0.00000E+00 0.00000E+00 0.17448E+01 0.13815E-01 0.57877E-02
  0.10298E+04 0.00000E+00 0.00000E+00 0.18056E+01 0.14211E-01 0.59765E-02
  0.10306E+04 0.00000E+00 0.00000E+00 0.18723E+01 0.14648E-01 0.61822E-02
  0.10313E+04 0.00000E+00 0.00000E+00 0.19425E+01 0.15111E-01 0.63976E-02
  0.10321E+04 0.00000E+00 0.00000E+00 0.20135E+01 0.15586E-01 0.66142E-02
  0.10328E+04 0.68748E-07 0.00000E+00 0.20815E+01 0.16055E-01 0.68230E-02
  0.10335E+04 0.00000E+00 0.00000E+00 0.21442E+01 0.16501E-01 0.70157E-02
  0.10343E+04 0.00000E+00 0.00000E+00 0.21985E+01 0.16909E-01 0.71854E-02
  0.10350E+04 0.00000E+00 0.00000E+00 0.22433E+01 0.17267E-01 0.73272E-02
  0.10358E+04 0.00000E+00 0.00000E+00 0.22770E+01 0.17567E-01 0.74380E-02
  0.10365E+04 0.00000E+00 0.00000E+00 0.22997E+01 0.17807E-01 0.75177E-02
  0.10373E+04 0.83993E-07 0.00000E+00 0.23120E+01 0.17988E-01 0.75692E-02
  0.10381E+04 0.00000E+00 0.00000E+00 0.23165E+01 0.18121E-01 0.75984E-02
  0.10388E+04 0.00000E+00 0.00000E+00 0.23155E+01 0.18218E-01 0.76131E-02
  0.10396E+04 0.00000E+00 0.00000E+00 0.23125E+01 0.18296E-01 0.76229E-02
  0.10403E+04 0.00000E+00 0.00000E+00 0.23114E+01 0.18377E-01 0.76387E-02
  0.10411E+04 0.00000E+00 0.00000E+00 0.23157E+01 0.18481E-01 0.76711E-02
  0.10418E+04 0.00000E+00 0.00000E+00 0.23293E+01 0.18628E-01 0.77299E-02
  0.10426E+04 0.96234E-07 0.00000E+00 0.23546E+01 0.18835E-01 0.78226E-02
  0.10434E+04 0.00000E+00 0.00000E+00 0.23937E+01 0.19115E-01 0.79546E-02
  0.10441E+04 0.00000E+00 0.00000E+00 0.24471E+01 0.19475E-01 0.81275E-02
  0.10449E+04 0.00000E+00 0.00000E+00 0.25145E+01 0.19913E-01 0.83393E-02
  0.10457E+04 0.00000E+00 0.00000E+00 0.25936E+01 0.20424E-01 0.85842E-02
  0.10464E+04 0.00000E+00 0.00000E+00 0.26812E+01 0.20990E-01 0.88529E-02
  0.10472E+04 0.10002E-06 0.00000E+00 0.27735E+01 0.21592E-01 0.91341E-02
  0.10480E+04 0.10485E-06 0.00000E+00 0.28655E+01 0.22207E-01 0.94145E-02
  0.10487E+04 0.00000E+00 0.00000E+00 0.29528E+01 0.22807E-01 0.96812E-02
  0.10495E+04 0.00000E+00 0.00000E+00 0.30311E+01 0.23370E-01 0.99222E-02
  0.10503E+04 0.00000E+00 0.00000E+00 0.30967E+01 0.23874E-01 0.10128E-01
  0.10510E+04 0.00000E+00 0.00000E+00 0.31473E+01 0.24303E-01 0.10291E-01
  0.10518E+04 0.71922E-07 0.00000E+00 0.31821E+01 0.24651E-01 0.10411E-01
  0.10526E+04 0.13951E-06 0.00000E+00 0.32021E+01 0.24919E-01 0.10491E-01
  0.10534E+04 0.11525E-06 0.00000E+00 0.32105E+01 0.25118E-01 0.10540E-01
  0.10541E+04 0.00000E+00 0.00000E+00 0.32115E+01 0.25270E-01 0.10568E-01
  0.10549E+04 0.00000E+00 0.00000E+00 0.32104E+01 0.25401E-01 0.10592E-01
  0.10557E+04 0.00000E+00 0.00000E+00 0.32130E+01 0.25541E-01 0.10628E-01
  0.10565E+04 0.00000E+00 0.00000E+00 0.32256E+01 0.25722E-01 0.10692E-01
  0.10573E+04 0.15003E-06 0.00000E+00 0.32522E+01 0.25971E-01 0.10798E-01
  0.10580E+04 0.20050E-06 0.00000E+00 0.32978E+01 0.26312E-01 0.10955E-01
  0.10588E+04 0.14682E-06 0.00000E+00 0.33629E+01 0.26759E-01 0.11169E-01
  0.10596E+04 0.00000E+00 0.00000E+00 0.34480E+01 0.27313E-01 0.11437E-01
  0.10604E+04 0.00000E+00 0.00000E+00 0.35499E+01 0.27966E-01 0.11751E-01
  0.10612E+04 0.00000E+00 0.00000E+00 0.36641E+01 0.28696E-01 0.12100E-01
  0.10620E+04 0.16509E-06 0.00000E+00 0.37847E+01 0.29473E-01 0.12465E-01
  0.10628E+04 0.29613E-06 0.00000E+00 0.39037E+01 0.30263E-01 0.12825E-01
  0.10636E+04 0.32880E-06 0.00000E+00 0.40145E+01 0.31025E-01 0.13162E-01
  0.10644E+04 0.25464E-06 0.00000E+00 0.41097E+01 0.31724E-01 0.13456E-01
  0.10651E+04 0.15771E-06 0.00000E+00 0.41853E+01 0.32333E-01 0.13696E-01
  0.10659E+04 0.14716E-06 0.00000E+00 0.42386E+01 0.32833E-01 0.13876E-01
  0.10667E+04 0.27011E-06 0.00000E+00 0.42705E+01 0.33222E-01 0.13998E-01
  0.10675E+04 0.46681E-06 0.00000E+00 0.42843E+01 0.33513E-01 0.14072E-01
  0.10683E+04 0.62083E-06 0.00000E+00 0.42866E+01 0.33736E-01 0.14116E-01
  0.10691E+04 0.65370E-06 0.00000E+00 0.42857E+01 0.33928E-01 0.14154E-01
  0.10699E+04 0.59266E-06 0.00000E+00 0.42914E+01 0.34137E-01 0.14211E-01
  0.10707E+04 0.55519E-06 0.00000E+00 0.43123E+01 0.34410E-01 0.14313E-01
  0.10715E+04 0.65349E-06 0.00000E+00 0.43558E+01 0.34790E-01 0.14479E-01
  0.10723E+04 0.90253E-06 0.00000E+00 0.44282E+01 0.35309E-01 0.14723E-01
  0.10731E+04 0.12055E-05 0.00000E+00 0.45300E+01 0.35982E-01 0.15050E-01
  0.10740E+04 0.14330E-05 0.00000E+00 0.46603E+01 0.36805E-01 0.15453E-01
  0.10748E+04 0.15322E-05 0.00000E+00 0.48125E+01 0.37754E-01 0.15913E-01
  0.10756E+04 0.15774E-05 0.00000E+00 0.49753E+01 0.38783E-01 0.16403E-01
  0.10764E+04 0.17168E-05 0.00000E+00 0.51373E+01 0.39834E-01 0.16889E-01
  0.10772E+04 0.20533E-05 0.00000E+00 0.52862E+01 0.40847E-01 0.17338E-01
  0.10780E+04 0.25622E-05 0.00000E+00 0.54113E+01 0.41765E-01 0.17724E-01
  0.10788E+04 0.31115E-05 0.00000E+00 0.55053E+01 0.42543E-01 0.18025E-01
  0.10796E+04 0.35729E-05 0.00000E+00 0.55655E+01 0.43159E-01 0.18234E-01
  0.10805E+04 0.39379E-05 0.00000E+00 0.55918E+01 0.43611E-01 0.18357E-01
  0.10813E+04 0.43372E-05 0.00000E+00 0.55943E+01 0.43928E-01 0.18416E-01
  0.10821E+04 0.49453E-05 0.00000E+00 0.55819E+01 0.44161E-01 0.18442E-01
  0.10829E+04 0.58467E-05 0.00000E+00 0.55719E+01 0.44385E-01 0.18479E-01
  0.10837E+04 0.69730E-05 0.00000E+00 0.55817E+01 0.44680E-01 0.18572E-01
  0.10846E+04 0.81659E-05 0.00000E+00 0.56245E+01 0.45126E-01 0.18760E-01
  0.10854E+04 0.93257E-05 0.00000E+00 0.57134E+01 0.45785E-01 0.19074E-01
  0.10862E+04 0.10511E-04 0.00000E+00 0.58525E+01 0.46693E-01 0.19524E-01
  0.10870E+04 0.11922E-04 0.00000E+00 0.60396E+01 0.47851E-01 0.20103E-01
  0.10879E+04 0.13760E-04 0.76131E-07 0.62645E+01 0.49221E-01 0.20782E-01
  0.10887E+04 0.16087E-04 0.88317E-07 0.65094E+01 0.50731E-01 0.21514E-01
  0.10895E+04 0.18799E-04 0.10230E-06 0.67542E+01 0.52285E-01 0.22243E-01
  0.10903E+04 0.21744E-04 0.11836E-06 0.69757E+01 0.53774E-01 0.22909E-01
  0.10912E+04 0.24888E-04 0.13679E-06 0.71550E+01 0.55102E-01 0.23463E-01
  0.10920E+04 0.28404E-04 0.15795E-06 0.72815E+01 0.56195E-01 0.23874E-01
  0.10928E+04 0.32585E-04 0.18223E-06 0.73471E+01 0.57019E-01 0.24131E-01
  0.10937E+04 0.37676E-04 0.21010E-06 0.73620E+01 0.57591E-01 0.24257E-01
  0.10945E+04 0.43736E-04 0.24209E-06 0.73417E+01 0.57977E-01 0.24297E-01
  0.10954E+04 0.50669E-04 0.27882E-06 0.73120E+01 0.58290E-01 0.24320E-01
  0.10962E+04 0.58400E-04 0.32097E-06 0.73018E+01 0.58668E-01 0.24407E-01
  0.10970E+04 0.67049E-04 0.36935E-06 0.73404E+01 0.59257E-01 0.24635E-01
  0.10979E+04 0.76977E-04 0.42487E-06 0.74547E+01 0.60187E-01 0.25066E-01
  0.10987E+04 0.88656E-04 0.48860E-06 0.76543E+01 0.61545E-01 0.25737E-01
  0.10996E+04 0.10243E-03 0.56174E-06 0.79453E+01 0.63363E-01 0.26649E-01
  0.11004E+04 0.11846E-03 0.64567E-06 0.83107E+01 0.65601E-01 0.27763E-01
  0.11013E+04 0.13678E-03 0.74202E-06 0.87241E+01 0.68160E-01 0.29007E-01
  0.11021E+04 0.15756E-03 0.85259E-06 0.91525E+01 0.70887E-01 0.30294E-01
  0.11030E+04 0.18126E-03 0.97939E-06 0.95591E+01 0.73634E-01 0.31531E-01
  0.11038E+04 0.20865E-03 0.11250E-05 0.99151E+01 0.76246E-01 0.32646E-01
  0.11047E+04 0.24057E-03 0.12921E-05 0.10207E+02 0.78628E-01 0.33601E-01
  0.11055E+04 0.27771E-03 0.14838E-05 0.10432E+02 0.80766E-01 0.34400E-01
  0.11064E+04 0.32057E-03 0.17038E-05 0.10612E+02 0.82701E-01 0.35095E-01
  0.11072E+04 0.36971E-03 0.19562E-05 0.10779E+02 0.84582E-01 0.35776E-01
  0.11081E+04 0.42594E-03 0.22458E-05 0.10978E+02 0.86585E-01 0.36554E-01
  0.11090E+04 0.49059E-03 0.25782E-05 0.11249E+02 0.88906E-01 0.37539E-01
  0.11098E+04 0.56531E-03 0.29596E-05 0.11631E+02 0.91714E-01 0.38818E-01
  0.11107E+04 0.65191E-03 0.33971E-05 0.12137E+02 0.95118E-01 0.40428E-01
  0.11116E+04 0.75210E-03 0.38990E-05 0.12762E+02 0.99103E-01 0.42345E-01
  0.11124E+04 0.86747E-03 0.44750E-05 0.13473E+02 0.10356E+00 0.44477E-01
  0.11133E+04 0.10001E-02 0.51358E-05 0.14214E+02 0.10828E+00 0.46689E-01
  0.11142E+04 0.11525E-02 0.58938E-05 0.14931E+02 0.11299E+00 0.48824E-01
  0.11150E+04 0.13281E-02 0.67635E-05 0.15560E+02 0.11741E+00 0.50737E-01
  0.11159E+04 0.15311E-02 0.77613E-05 0.16071E+02 0.12132E+00 0.52324E-01
  0.11168E+04 0.17655E-02 0.89055E-05 0.16437E+02 0.12459E+00 0.53540E-01
  0.11176E+04 0.20360E-02 0.10219E-04 0.16672E+02 0.12718E+00 0.54403E-01
  0.11185E+04 0.23477E-02 0.11724E-04 0.16806E+02 0.12918E+00 0.54991E-01
  0.11194E+04 0.27064E-02 0.13452E-04 0.16881E+02 0.13076E+00 0.55415E-01
  0.11203E+04 0.31195E-02 0.15434E-04 0.16944E+02 0.13212E+00 0.55796E-01
  0.11212E+04 0.35958E-02 0.17707E-04 0.17036E+02 0.13347E+00 0.56241E-01
  0.11220E+04 0.41455E-02 0.20314E-04 0.17182E+02 0.13497E+00 0.56824E-01
  0.11229E+04 0.47799E-02 0.23304E-04 0.17396E+02 0.13675E+00 0.57578E-01
  0.11238E+04 0.55114E-02 0.26734E-04 0.17667E+02 0.13881E+00 0.58499E-01
  0.11247E+04 0.63543E-02 0.30667E-04 0.17990E+02 0.14116E+00 0.59563E-01
  0.11256E+04 0.73255E-02 0.35179E-04 0.18345E+02 0.14376E+00 0.60731E-01
  0.11265E+04 0.84440E-02 0.40352E-04 0.18716E+02 0.14654E+00 0.61966E-01
  0.11273E+04 0.97344E-02 0.46285E-04 0.19094E+02 0.14945E+00 0.63240E-01
  0.11282E+04 0.11223E-01 0.53089E-04 0.19475E+02 0.15248E+00 0.64545E-01
  0.11291E+04 0.12940E-01 0.60892E-04 0.19857E+02 0.15563E+00 0.65904E-01
  0.11300E+04 0.14919E-01 0.69838E-04 0.20271E+02 0.15901E+00 0.67381E-01
  0.11309E+04 0.17200E-01 0.80096E-04 0.20753E+02 0.16273E+00 0.69061E-01
  0.11318E+04 0.19829E-01 0.91863E-04 0.21338E+02 0.16690E+00 0.71021E-01
  0.11327E+04 0.22859E-01 0.10535E-03 0.22054E+02 0.17158E+00 0.73276E-01
  0.11336E+04 0.26354E-01 0.12082E-03 0.22862E+02 0.17661E+00 0.75715E-01
  0.11345E+04 0.30383E-01 0.13855E-03 0.23672E+02 0.18167E+00 0.78095E-01
  0.11354E+04 0.35029E-01 0.15888E-03 0.24337E+02 0.18626E+00 0.80083E-01
  0.11363E+04 0.40386E-01 0.18219E-03 0.24714E+02 0.18992E+00 0.81404E-01
  0.11372E+04 0.46559E-01 0.20891E-03 0.24758E+02 0.19250E+00 0.82022E-01
  0.11381E+04 0.53676E-01 0.23954E-03 0.24584E+02 0.19433E+00 0.82259E-01
  0.11390E+04 0.61881E-01 0.27466E-03 0.24454E+02 0.19630E+00 0.82762E-01
  0.11399E+04 0.71340E-01 0.31492E-03 0.24723E+02 0.19955E+00 0.84273E-01
  0.11409E+04 0.82248E-01 0.36106E-03 0.25618E+02 0.20496E+00 0.87260E-01
  0.11418E+04 0.94827E-01 0.41395E-03 0.27127E+02 0.21271E+00 0.91634E-01
  0.11427E+04 0.10932E+00 0.47458E-03 0.28953E+02 0.22207E+00 0.96701E-01
  0.11436E+04 0.12603E+00 0.54407E-03 0.30618E+02 0.23163E+00 0.10145E+00
  0.11445E+04 0.14531E+00 0.62372E-03 0.31732E+02 0.24001E+00 0.10506E+00
  0.11454E+04 0.16751E+00 0.71502E-03 0.32207E+02 0.24655E+00 0.10737E+00
  0.11463E+04 0.19312E+00 0.81963E-03 0.32302E+02 0.25164E+00 0.10896E+00
  0.11473E+04 0.22265E+00 0.93947E-03 0.32508E+02 0.25653E+00 0.11082E+00
  0.11482E+04 0.25670E+00 0.10769E-02 0.33241E+02 0.26251E+00 0.11376E+00
  0.11491E+04 0.29594E+00 0.12343E-02 0.34546E+02 0.27018E+00 0.11789E+00
  0.11500E+04 0.34118E+00 0.14147E-02 0.36066E+02 0.27912E+00 0.12260E+00
  0.11510E+04 0.39334E+00 0.16214E-02 0.37357E+02 0.28845E+00 0.12717E+00
  0.11519E+04 0.45347E+00 0.18583E-02 0.38314E+02 0.29775E+00 0.13150E+00
  0.11528E+04 0.52280E+00 0.21296E-02 0.39372E+02 0.30755E+00 0.13628E+00
  0.11538E+04 0.60273E+00 0.24406E-02 0.41056E+02 0.31870E+00 0.14226E+00
  0.11547E+04 0.69486E+00 0.27968E-02 0.43332E+02 0.33112E+00 0.14912E+00
  0.11556E+04 0.80109E+00 0.32049E-02 0.45318E+02 0.34324E+00 0.15536E+00
  0.11566E+04 0.92357E+00 0.36724E-02 0.46132E+02 0.35336E+00 0.15978E+00
  0.11575E+04 0.10648E+01 0.42080E-02 0.46023E+02 0.36168E+00 0.16313E+00
  0.11584E+04 0.12276E+01 0.48215E-02 0.46424E+02 0.37088E+00 0.16792E+00
  0.11594E+04 0.14152E+01 0.55244E-02 0.48615E+02 0.38390E+00 0.17615E+00
  0.11603E+04 0.16316E+01 0.63295E-02 0.52226E+02 0.40108E+00 0.18715E+00
  0.11613E+04 0.18810E+01 0.72517E-02 0.55623E+02 0.41967E+00 0.19819E+00
  0.11622E+04 0.21686E+01 0.83080E-02 0.57506E+02 0.43641E+00 0.20710E+00
  0.11631E+04 0.25002E+01 0.95185E-02 0.58134E+02 0.45062E+00 0.21434E+00
  0.11641E+04 0.28824E+01 0.10905E-01 0.58892E+02 0.46478E+00 0.22253E+00
  0.11650E+04 0.33231E+01 0.12494E-01 0.61233E+02 0.48242E+00 0.23435E+00
  0.11660E+04 0.38311E+01 0.14313E-01 0.65592E+02 0.50512E+00 0.25024E+00
  0.11669E+04 0.44168E+01 0.16399E-01 0.70629E+02 0.53047E+00 0.26741E+00
  0.11679E+04 0.50920E+01 0.18789E-01 0.73465E+02 0.55377E+00 0.28197E+00
  0.11689E+04 0.58705E+01 0.21526E-01 0.73722E+02 0.57358E+00 0.29433E+00
  0.11698E+04 0.67679E+01 0.24665E-01 0.75474E+02 0.59423E+00 0.30969E+00
  0.11708E+04 0.78025E+01 0.28263E-01 0.80576E+02 0.61954E+00 0.33001E+00
  0.11717E+04 0.89955E+01 0.32386E-01 0.84393E+02 0.64748E+00 0.35129E+00
  0.11727E+04 0.10371E+02 0.37114E-01 0.85793E+02 0.67706E+00 0.37384E+00
  0.11737E+04 0.11957E+02 0.42535E-01 0.91673E+02 0.71347E+00 0.40436E+00
  0.11746E+04 0.13784E+02 0.48752E-01 0.10237E+03 0.75711E+00 0.44124E+00
  0.11756E+04 0.15892E+02 0.55882E-01 0.10779E+03 0.79771E+00 0.47342E+00
  0.11766E+04 0.18321E+02 0.64060E-01 0.10635E+03 0.82992E+00 0.50021E+00
  0.11775E+04 0.21123E+02 0.73444E-01 0.10866E+03 0.86369E+00 0.53405E+00
  0.11785E+04 0.24352E+02 0.84210E-01 0.11727E+03 0.90889E+00 0.58030E+00
  0.11795E+04 0.28075E+02 0.96600E-01 0.12536E+03 0.96457E+00 0.63462E+00
  0.11804E+04 0.32424E+02 0.11066E+00 0.13545E+03 0.10278E+01 0.69602E+00
  0.11814E+04 0.37169E+02 0.12658E+00 0.14624E+03 0.10945E+01 0.76120E+00
  0.11824E+04 0.42782E+02 0.14492E+00 0.15104E+03 0.11611E+01 0.82841E+00
  0.11834E+04 0.49478E+02 0.16598E+00 0.16207E+03 0.12321E+01 0.90514E+00
  0.11844E+04 0.56863E+02 0.18939E+00 0.17048E+03 0.13099E+01 0.98939E+00
  0.11853E+04 0.64712E+02 0.21494E+00 0.18006E+03 0.13992E+01 0.10873E+01
  0.11863E+04 0.73586E+02 0.24303E+00 0.20538E+03 0.15029E+01 0.11996E+01
  0.11873E+04 0.83181E+02 0.27373E+00 0.20796E+03 0.16083E+01 0.13078E+01
  0.11883E+04 0.93683E+02 0.30717E+00 0.22233E+03 0.17238E+01 0.14322E+01
  0.11893E+04 0.10521E+03 0.34336E+00 0.24674E+03 0.18664E+01 0.15817E+01
  0.11903E+04 0.11736E+03 0.38172E+00 0.27138E+03 0.20294E+01 0.17431E+01
  0.11913E+04 0.12963E+03 0.42274E+00 0.29388E+03 0.22063E+01 0.19131E+01
  0.11923E+04 0.14388E+03 0.46891E+00 0.31605E+03 0.23992E+01 0.20961E+01
  0.11933E+04 0.16163E+03 0.52105E+00 0.34191E+03 0.26222E+01 0.23083E+01
  0.11943E+04 0.17938E+03 0.57619E+00 0.38850E+03 0.28933E+01 0.25599E+01
  0.11953E+04 0.19800E+03 0.63193E+00 0.43992E+03 0.32002E+01 0.28230E+01
  0.11963E+04 0.21405E+03 0.68721E+00 0.45673E+03 0.35315E+01 0.30857E+01
  0.11973E+04 0.23262E+03 0.74581E+00 0.52739E+03 0.39254E+01 0.33998E+01
  0.11983E+04 0.25326E+03 0.80901E+00 0.59034E+03 0.44150E+01 0.37728E+01
  0.11993E+04 0.27330E+03 0.87444E+00 0.67686E+03 0.49961E+01 0.41877E+01
  0.12003E+04 0.29357E+03 0.94630E+00 0.75556E+03 0.56823E+01 0.46563E+01
  0.12013E+04 0.32064E+03 0.10327E+01 0.89082E+03 0.65335E+01 0.52416E+01
  0.12023E+04 0.35552E+03 0.11337E+01 0.10305E+04 0.76036E+01 0.59563E+01
  0.12033E+04 0.38485E+03 0.12496E+01 0.12298E+04 0.89677E+01 0.68600E+01
  0.12043E+04 0.43370E+03 0.13994E+01 0.14899E+04 0.10739E+02 0.80259E+01
  0.12053E+04 0.49152E+03 0.15904E+01 0.17825E+04 0.13062E+02 0.95510E+01
  0.12064E+04 0.55667E+03 0.18499E+01 0.22865E+04 0.16204E+02 0.11658E+02
  0.12074E+04 0.68918E+03 0.22404E+01 0.29370E+04 0.20553E+02 0.14645E+02
  0.12084E+04 0.82268E+03 0.28326E+01 0.39350E+04 0.26716E+02 0.19039E+02
  0.12094E+04 0.11375E+04 0.38700E+01 0.53132E+04 0.35765E+02 0.25846E+02
  0.12105E+04 0.15828E+04 0.58623E+01 0.77004E+04 0.49764E+02 0.37331E+02
  0.12115E+04 0.28652E+04 0.10224E+02 0.12184E+05 0.72605E+02 0.58297E+02
  0.12125E+04 0.61276E+04 0.20620E+02 0.21472E+05 0.11109E+03 0.98755E+02
  0.12135E+04 0.17013E+05 0.45776E+02 0.42568E+05 0.17506E+03 0.17680E+03
  0.12146E+04 0.62106E+05 0.92946E+02 0.98738E+05 0.26789E+03 0.30262E+03
  0.12156E+04 0.12584E+06 0.12296E+03 0.17050E+06 0.35612E+03 0.40746E+03
  0.12166E+04 0.59258E+05 0.88974E+02 0.14975E+06 0.37596E+03 0.38095E+03
  0.12177E+04 0.15909E+05 0.42585E+02 0.78973E+05 0.31855E+03 0.26410E+03
  0.12187E+04 0.59329E+04 0.19180E+02 0.44091E+05 0.23822E+03 0.16425E+03
  0.12198E+04 0.33189E+04 0.96227E+01 0.25303E+05 0.17073E+03 0.10223E+03
  0.12208E+04 0.11805E+04 0.53317E+01 0.16484E+05 0.12252E+03 0.66744E+02
  0.12218E+04 0.15001E+04 0.35446E+01 0.11359E+05 0.89995E+02 0.46168E+02
  0.12229E+04 0.43389E+03 0.23914E+01 0.80617E+04 0.67990E+02 0.33590E+02
  0.12239E+04 0.73126E+03 0.20682E+01 0.64885E+04 0.53351E+02 0.26222E+02
  0.12250E+04 0.53168E+03 0.16678E+01 0.53846E+04 0.43426E+02 0.21446E+02
  0.12260E+04 0.26949E+03 0.13457E+01 0.43812E+04 0.36213E+02 0.17766E+02
  0.12271E+04 0.47769E+03 0.13521E+01 0.36859E+04 0.30985E+02 0.15454E+02
  0.12281E+04 0.29757E+03 0.11615E+01 0.34991E+04 0.27360E+02 0.13979E+02
  0.12292E+04 0.37902E+03 0.10330E+01 0.32744E+04 0.24590E+02 0.12723E+02
  0.12303E+04 0.29770E+03 0.97472E+00 0.29671E+04 0.21903E+02 0.11372E+02
  0.12313E+04 0.39565E+03 0.10278E+01 0.23950E+04 0.18964E+02 0.98341E+01
  0.12324E+04 0.35193E+03 0.91897E+00 0.18392E+04 0.15893E+02 0.81989E+01
  0.12334E+04 0.10048E+03 0.73749E+00 0.13963E+04 0.12997E+02 0.66077E+01
  0.12345E+04 0.24703E+03 0.76638E+00 0.10114E+04 0.10523E+02 0.54768E+01
  0.12356E+04 0.31979E+03 0.80157E+00 0.87065E+03 0.85976E+01 0.47692E+01
  0.12366E+04 0.20075E+03 0.73120E+00 0.67848E+03 0.71211E+01 0.41799E+01
  0.12377E+04 0.18213E+03 0.65798E+00 0.61196E+03 0.59791E+01 0.36935E+01
  0.12388E+04 0.22598E+03 0.68139E+00 0.50801E+03 0.50608E+01 0.33240E+01
  0.12399E+04 0.22556E+03 0.65549E+00 0.38648E+03 0.42903E+01 0.30064E+01
  0.12409E+04 0.15291E+03 0.59715E+00 0.39044E+03 0.37058E+01 0.27552E+01
  0.12420E+04 0.21005E+03 0.58085E+00 0.32619E+03 0.32255E+01 0.25263E+01
  0.12431E+04 0.13966E+03 0.53379E+00 0.27022E+03 0.27928E+01 0.22939E+01
  0.12442E+04 0.17453E+03 0.51923E+00 0.24534E+03 0.24265E+01 0.21131E+01
  0.12453E+04 0.13947E+03 0.49761E+00 0.19569E+03 0.21106E+01 0.19616E+01
  0.12464E+04 0.14343E+03 0.52044E+00 0.17580E+03 0.18586E+01 0.18888E+01
  0.12474E+04 0.20857E+03 0.59972E+00 0.17811E+03 0.16763E+01 0.19146E+01
  0.12485E+04 0.23669E+03 0.58976E+00 0.16720E+03 0.15225E+01 0.18736E+01
  0.12496E+04 0.10756E+03 0.44033E+00 0.14663E+03 0.13694E+01 0.16595E+01
  0.12507E+04 0.97161E+02 0.35247E+00 0.12032E+03 0.12220E+01 0.14233E+01
  0.12518E+04 0.96207E+02 0.31720E+00 0.10762E+03 0.11059E+01 0.12813E+01
  0.12529E+04 0.69391E+02 0.30171E+00 0.11598E+03 0.10343E+01 0.12152E+01
  0.12540E+04 0.11493E+03 0.33601E+00 0.11904E+03 0.98230E+00 0.12097E+01
  0.12551E+04 0.11321E+03 0.33920E+00 0.10674E+03 0.92147E+00 0.11936E+01
  0.12562E+04 0.72856E+02 0.32509E+00 0.95334E+02 0.85408E+00 0.11577E+01
  0.12573E+04 0.11742E+03 0.38831E+00 0.90435E+02 0.79176E+00 0.11882E+01
  0.12584E+04 0.17552E+03 0.45673E+00 0.83723E+02 0.73478E+00 0.12488E+01
  0.12595E+04 0.14749E+03 0.42150E+00 0.74324E+02 0.68275E+00 0.12183E+01
  0.12607E+04 0.93304E+02 0.33101E+00 0.70528E+02 0.64360E+00 0.10992E+01
  0.12618E+04 0.76016E+02 0.26754E+00 0.74825E+02 0.62151E+00 0.97951E+00
  0.12629E+04 0.69127E+02 0.23027E+00 0.78722E+02 0.60398E+00 0.88540E+00
  0.12640E+04 0.53512E+02 0.20346E+00 0.72720E+02 0.57266E+00 0.79919E+00
  0.12651E+04 0.56616E+02 0.20182E+00 0.58150E+02 0.52440E+00 0.73201E+00
  0.12662E+04 0.72720E+02 0.20918E+00 0.46480E+02 0.47720E+00 0.69242E+00
  0.12674E+04 0.61629E+02 0.18590E+00 0.47097E+02 0.45229E+00 0.65539E+00
  0.12685E+04 0.34109E+02 0.14478E+00 0.56611E+02 0.45130E+00 0.61041E+00
  0.12696E+04 0.26803E+02 0.13430E+00 0.63008E+02 0.45452E+00 0.58389E+00
  0.12707E+04 0.47899E+02 0.16814E+00 0.58590E+02 0.44115E+00 0.59402E+00
  0.12719E+04 0.72964E+02 0.21122E+00 0.46718E+02 0.40885E+00 0.62161E+00
  0.12730E+04 0.79182E+02 0.22403E+00 0.37247E+02 0.37402E+00 0.63201E+00
  0.12741E+04 0.66229E+02 0.19945E+00 0.36784E+02 0.35483E+00 0.60989E+00
  0.12753E+04 0.44771E+02 0.15927E+00 0.43138E+02 0.35501E+00 0.56633E+00
  0.12764E+04 0.32335E+02 0.13317E+00 0.49100E+02 0.36298E+00 0.52523E+00
  0.12776E+04 0.36233E+02 0.13474E+00 0.49267E+02 0.36387E+00 0.50415E+00
  0.12787E+04 0.48819E+02 0.15149E+00 0.44048E+02 0.35201E+00 0.49932E+00
  0.12799E+04 0.55215E+02 0.15771E+00 0.38023E+02 0.33345E+00 0.49063E+00
  0.12810E+04 0.46953E+02 0.13835E+00 0.35483E+02 0.31875E+00 0.46082E+00
  0.12822E+04 0.28727E+02 0.10158E+00 0.37085E+02 0.31387E+00 0.41127E+00
  0.12833E+04 0.13289E+02 0.70663E-01 0.40379E+02 0.31680E+00 0.36238E+00
  0.12845E+04 0.11478E+02 0.64201E-01 0.42405E+02 0.32079E+00 0.33719E+00
  0.12856E+04 0.22012E+02 0.80705E-01 0.41899E+02 0.32021E+00 0.34164E+00
  0.12868E+04 0.33649E+02 0.10187E+00 0.39630E+02 0.31396E+00 0.36048E+00
  0.12879E+04 0.37759E+02 0.11090E+00 0.37225E+02 0.30477E+00 0.37242E+00
  0.12891E+04 0.33229E+02 0.10429E+00 0.35792E+02 0.29632E+00 0.36718E+00
  0.12903E+04 0.25720E+02 0.90929E-01 0.35464E+02 0.29076E+00 0.35041E+00
  0.12914E+04 0.21492E+02 0.83242E-01 0.35809E+02 0.28809E+00 0.33637E+00
  0.12926E+04 0.23863E+02 0.87397E-01 0.36233E+02 0.28696E+00 0.33559E+00
  0.12938E+04 0.30431E+02 0.99381E-01 0.36344E+02 0.28577E+00 0.34715E+00
  0.12949E+04 0.36052E+02 0.10953E+00 0.35985E+02 0.28347E+00 0.36014E+00
  0.12961E+04 0.36768E+02 0.11003E+00 0.35219E+02 0.27989E+00 0.36216E+00
  0.12973E+04 0.32245E+02 0.99279E-01 0.34276E+02 0.27564E+00 0.34763E+00
  0.12985E+04 0.24573E+02 0.81503E-01 0.33519E+02 0.27182E+00 0.32009E+00
  0.12996E+04 0.17010E+02 0.64065E-01 0.33266E+02 0.26948E+00 0.28944E+00
  0.13008E+04 0.12877E+02 0.53337E-01 0.33635E+02 0.26913E+00 0.26631E+00
  0.13020E+04 0.12670E+02 0.51495E-01 0.34415E+02 0.27037E+00 0.25653E+00
  0.13032E+04 0.15560E+02 0.56884E-01 0.35121E+02 0.27196E+00 0.25937E+00
  0.13044E+04 0.19555E+02 0.65454E-01 0.35314E+02 0.27248E+00 0.26945E+00
  0.13056E+04 0.22811E+02 0.72883E-01 0.34877E+02 0.27118E+00 0.28007E+00
  0.13068E+04 0.23992E+02 0.76631E-01 0.34052E+02 0.26829E+00 0.28666E+00
  0.13080E+04 0.23665E+02 0.76929E-01 0.33301E+02 0.26484E+00 0.28838E+00
  0.13092E+04 0.22770E+02 0.75481E-01 0.32944E+02 0.26183E+00 0.28712E+00
  0.13104E+04 0.22170E+02 0.73979E-01 0.32986E+02 0.25958E+00 0.28509E+00
  0.13116E+04 0.21911E+02 0.73370E-01 0.33088E+02 0.25744E+00 0.28338E+00
  0.13128E+04 0.22238E+02 0.73810E-01 0.32798E+02 0.25423E+00 0.28177E+00
  0.13140E+04 0.22763E+02 0.74656E-01 0.31827E+02 0.24897E+00 0.27934E+00
  0.13152E+04 0.23119E+02 0.74933E-01 0.30273E+02 0.24163E+00 0.27518E+00
  0.13164E+04 0.22801E+02 0.73945E-01 0.28556E+02 0.23318E+00 0.26905E+00
  0.13176E+04 0.22076E+02 0.71692E-01 0.27173E+02 0.22515E+00 0.26150E+00
  0.13188E+04 0.20916E+02 0.68349E-01 0.26430E+02 0.21876E+00 0.25326E+00
  0.13201E+04 0.19358E+02 0.64336E-01 0.26252E+02 0.21428E+00 0.24471E+00
  0.13213E+04 0.18076E+02 0.60227E-01 0.26280E+02 0.21102E+00 0.23592E+00
  0.13225E+04 0.16598E+02 0.56106E-01 0.26066E+02 0.20775E+00 0.22657E+00
  0.13237E+04 0.15228E+02 0.52357E-01 0.25357E+02 0.20355E+00 0.21679E+00
  0.13250E+04 0.14191E+02 0.49610E-01 0.24242E+02 0.19834E+00 0.20776E+00
  0.13262E+04 0.13743E+02 0.48321E-01 0.23096E+02 0.19302E+00 0.20115E+00
  0.13274E+04 0.13823E+02 0.48614E-01 0.22386E+02 0.18898E+00 0.19850E+00
  0.13287E+04 0.14402E+02 0.50526E-01 0.22412E+02 0.18739E+00 0.20069E+00
  0.13299E+04 0.15728E+02 0.54118E-01 0.23153E+02 0.18851E+00 0.20770E+00
  0.13311E+04 0.17561E+02 0.59007E-01 0.24276E+02 0.19160E+00 0.21832E+00
  0.13324E+04 0.19602E+02 0.64429E-01 0.25296E+02 0.19517E+00 0.23029E+00
  0.13336E+04 0.21547E+02 0.69493E-01 0.25809E+02 0.19771E+00 0.24116E+00
  0.13349E+04 0.22963E+02 0.73275E-01 0.25663E+02 0.19829E+00 0.24898E+00
  0.13361E+04 0.23634E+02 0.75136E-01 0.25029E+02 0.19702E+00 0.25276E+00
  0.13374E+04 0.23621E+02 0.74865E-01 0.24282E+02 0.19478E+00 0.25260E+00
  0.13386E+04 0.22719E+02 0.72490E-01 0.23818E+02 0.19287E+00 0.24916E+00
  0.13399E+04 0.21225E+02 0.68498E-01 0.23868E+02 0.19231E+00 0.24343E+00
  0.13411E+04 0.19411E+02 0.63652E-01 0.24406E+02 0.19332E+00 0.23641E+00
  0.13424E+04 0.17606E+02 0.58693E-01 0.25172E+02 0.19535E+00 0.22884E+00
  0.13437E+04 0.15912E+02 0.54277E-01 0.25788E+02 0.19721E+00 0.22123E+00
  0.13449E+04 0.14810E+02 0.51075E-01 0.25932E+02 0.19766E+00 0.21414E+00
  0.13462E+04 0.14225E+02 0.49443E-01 0.25444E+02 0.19586E+00 0.20815E+00
  0.13475E+04 0.14292E+02 0.49529E-01 0.24394E+02 0.19172E+00 0.20389E+00
  0.13487E+04 0.14988E+02 0.51179E-01 0.23043E+02 0.18592E+00 0.20191E+00
  0.13500E+04 0.16001E+02 0.53932E-01 0.21735E+02 0.17963E+00 0.20243E+00
  0.13513E+04 0.17331E+02 0.57283E-01 0.20769E+02 0.17410E+00 0.20530E+00
  0.13526E+04 0.18523E+02 0.60536E-01 0.20310E+02 0.17025E+00 0.20985E+00
  0.13538E+04 0.19565E+02 0.63212E-01 0.20342E+02 0.16839E+00 0.21501E+00
  0.13551E+04 0.20188E+02 0.64916E-01 0.20708E+02 0.16824E+00 0.21958E+00
  0.13564E+04 0.20397E+02 0.65331E-01 0.21160E+02 0.16903E+00 0.22226E+00
  0.13577E+04 0.20022E+02 0.64328E-01 0.21449E+02 0.16983E+00 0.22210E+00
  0.13590E+04 0.19208E+02 0.62123E-01 0.21416E+02 0.16992E+00 0.21883E+00
  0.13603E+04 0.18093E+02 0.59111E-01 0.21032E+02 0.16898E+00 0.21293E+00
  0.13616E+04 0.16925E+02 0.55732E-01 0.20416E+02 0.16732E+00 0.20546E+00
  0.13629E+04 0.15656E+02 0.52378E-01 0.19811E+02 0.16576E+00 0.19780E+00
  0.13642E+04 0.14642E+02 0.49487E-01 0.19506E+02 0.16544E+00 0.19144E+00
  0.13655E+04 0.13914E+02 0.47300E-01 0.19762E+02 0.16751E+00 0.18765E+00
  0.13668E+04 0.13413E+02 0.45967E-01 0.20739E+02 0.17282E+00 0.18720E+00
  0.13681E+04 0.13331E+02 0.45651E-01 0.22433E+02 0.18162E+00 0.19040E+00
  0.13694E+04 0.13589E+02 0.46260E-01 0.24696E+02 0.19352E+00 0.19687E+00
  0.13707E+04 0.14101E+02 0.47553E-01 0.27254E+02 0.20754E+00 0.20564E+00
  0.13720E+04 0.14721E+02 0.49241E-01 0.29782E+02 0.22234E+00 0.21543E+00
  0.13734E+04 0.15432E+02 0.51063E-01 0.31988E+02 0.23658E+00 0.22500E+00
  0.13747E+04 0.16036E+02 0.52737E-01 0.33679E+02 0.24923E+00 0.23338E+00
  0.13760E+04 0.16519E+02 0.54079E-01 0.34823E+02 0.25982E+00 0.24004E+00
  0.13773E+04 0.16814E+02 0.54979E-01 0.35552E+02 0.26859E+00 0.24502E+00
  0.13787E+04 0.16977E+02 0.55389E-01 0.36126E+02 0.27639E+00 0.24879E+00
  0.13800E+04 0.16919E+02 0.55296E-01 0.36862E+02 0.28444E+00 0.25208E+00
  0.13813E+04 0.16720E+02 0.54793E-01 0.38042E+02 0.29397E+00 0.25566E+00
  0.13827E+04 0.16448E+02 0.54025E-01 0.39846E+02 0.30591E+00 0.26016E+00
  0.13840E+04 0.16096E+02 0.53110E-01 0.42305E+02 0.32059E+00 0.26586E+00
  0.13853E+04 0.15790E+02 0.52187E-01 0.45283E+02 0.33764E+00 0.27263E+00
  0.13867E+04 0.15460E+02 0.51346E-01 0.48502E+02 0.35597E+00 0.27996E+00
  0.13880E+04 0.15222E+02 0.50740E-01 0.51605E+02 0.37400E+00 0.28714E+00
  0.13894E+04 0.15177E+02 0.50476E-01 0.54218E+02 0.38992E+00 0.29338E+00
  0.13907E+04 0.15215E+02 0.50428E-01 0.56024E+02 0.40200E+00 0.29780E+00
  0.13921E+04 0.15216E+02 0.50477E-01 0.56801E+02 0.40883E+00 0.29961E+00
  0.13935E+04 0.15296E+02 0.50640E-01 0.56455E+02 0.40953E+00 0.29848E+00
  0.13948E+04 0.15421E+02 0.50864E-01 0.55004E+02 0.40382E+00 0.29434E+00
  0.13962E+04 0.15468E+02 0.51017E-01 0.52567E+02 0.39194E+00 0.28732E+00
  0.13975E+04 0.15516E+02 0.51033E-01 0.49324E+02 0.37456E+00 0.27771E+00
  0.13989E+04 0.15447E+02 0.50866E-01 0.45481E+02 0.35267E+00 0.26602E+00
  0.14003E+04 0.15363E+02 0.50556E-01 0.41249E+02 0.32740E+00 0.25280E+00
  0.14017E+04 0.15197E+02 0.50102E-01 0.36828E+02 0.29989E+00 0.23867E+00
  0.14030E+04 0.15022E+02 0.49537E-01 0.32386E+02 0.27124E+00 0.22416E+00
  0.14044E+04 0.14782E+02 0.48876E-01 0.28067E+02 0.24243E+00 0.20974E+00
  0.14058E+04 0.14510E+02 0.48172E-01 0.23981E+02 0.21426E+00 0.19585E+00
  0.14072E+04 0.14338E+02 0.47565E-01 0.20210E+02 0.18742E+00 0.18291E+00
  0.14086E+04 0.14164E+02 0.47050E-01 0.16816E+02 0.16242E+00 0.17121E+00
  0.14100E+04 0.14016E+02 0.46607E-01 0.13836E+02 0.13961E+00 0.16085E+00
  0.14114E+04 0.13903E+02 0.46241E-01 0.11286E+02 0.11923E+00 0.15191E+00
  0.14128E+04 0.13787E+02 0.45948E-01 0.91592E+01 0.10137E+00 0.14437E+00
  0.14141E+04 0.13725E+02 0.45760E-01 0.74263E+01 0.85969E-01 0.13818E+00
  0.14155E+04 0.13759E+02 0.45655E-01 0.60416E+01 0.72883E-01 0.13320E+00
  0.14170E+04 0.13687E+02 0.45525E-01 0.49511E+01 0.61888E-01 0.12917E+00
  0.14184E+04 0.13650E+02 0.45406E-01 0.40959E+01 0.52701E-01 0.12590E+00
  0.14198E+04 0.13633E+02 0.45305E-01 0.34220E+01 0.45036E-01 0.12325E+00
  0.14212E+04 0.13576E+02 0.45179E-01 0.28822E+01 0.38618E-01 0.12104E+00
  0.14226E+04 0.13536E+02 0.45071E-01 0.24400E+01 0.33206E-01 0.11919E+00
  0.14240E+04 0.13504E+02 0.44996E-01 0.20685E+01 0.28602E-01 0.11766E+00
  0.14254E+04 0.13495E+02 0.44968E-01 0.17509E+01 0.24654E-01 0.11642E+00
  0.14269E+04 0.13473E+02 0.44999E-01 0.14758E+01 0.21248E-01 0.11547E+00
  0.14283E+04 0.13522E+02 0.45134E-01 0.12383E+01 0.18306E-01 0.11483E+00
  0.14297E+04 0.13576E+02 0.45385E-01 0.10361E+01 0.15771E-01 0.11455E+00
  0.14311E+04 0.13706E+02 0.45779E-01 0.86741E+00 0.13600E-01 0.11465E+00
  0.14326E+04 0.13881E+02 0.46331E-01 0.72876E+00 0.11754E-01 0.11516E+00
  0.14340E+04 0.14131E+02 0.47028E-01 0.61588E+00 0.10192E-01 0.11605E+00
  0.14355E+04 0.14384E+02 0.47812E-01 0.53220E+00 0.88777E-02 0.11725E+00
  0.14369E+04 0.14661E+02 0.48650E-01 0.45157E+00 0.77592E-02 0.11864E+00
  0.14384E+04 0.14973E+02 0.49509E-01 0.38297E+00 0.67984E-02 0.12016E+00
  0.14398E+04 0.15205E+02 0.50298E-01 0.32452E+00 0.59721E-02 0.12169E+00
  0.14413E+04 0.15474E+02 0.51035E-01 0.27468E+00 0.52617E-02 0.12316E+00
  0.14427E+04 0.15679E+02 0.51704E-01 0.23236E+00 0.46501E-02 0.12456E+00
  0.14442E+04 0.15874E+02 0.52319E-01 0.19628E+00 0.41227E-02 0.12586E+00
  0.14456E+04 0.16067E+02 0.52880E-01 0.16538E+00 0.36669E-02 0.12706E+00
  0.14471E+04 0.16217E+02 0.53322E-01 0.13894E+00 0.32724E-02 0.12808E+00
  0.14486E+04 0.16286E+02 0.53640E-01 0.11645E+00 0.29307E-02 0.12891E+00
  0.14500E+04 0.16364E+02 0.53905E-01 0.97445E-01 0.26344E-02 0.12959E+00
  0.14515E+04 0.16447E+02 0.54161E-01 0.81260E-01 0.23771E-02 0.13020E+00
  0.14530E+04 0.16525E+02 0.54385E-01 0.67423E-01 0.21531E-02 0.13075E+00
  0.14545E+04 0.16567E+02 0.54572E-01 0.55604E-01 0.19577E-02 0.13125E+00
  0.14559E+04 0.16620E+02 0.54786E-01 0.45523E-01 0.17868E-02 0.13174E+00
  0.14574E+04 0.16726E+02 0.55051E-01 0.36861E-01 0.16370E-02 0.13229E+00
  0.14589E+04 0.16800E+02 0.55333E-01 0.29445E-01 0.15054E-02 0.13289E+00
  0.14604E+04 0.16914E+02 0.55656E-01 0.23206E-01 0.13897E-02 0.13353E+00
  0.14619E+04 0.17044E+02 0.55997E-01 0.17914E-01 0.12880E-02 0.13420E+00
  0.14634E+04 0.17169E+02 0.56311E-01 0.13400E-01 0.11984E-02 0.13483E+00
  0.14649E+04 0.17254E+02 0.56554E-01 0.96566E-02 0.11193E-02 0.13534E+00
  0.14664E+04 0.17311E+02 0.56683E-01 0.65111E-02 0.10494E-02 0.13565E+00
  0.14679E+04 0.17318E+02 0.56652E-01 0.37659E-02 0.98745E-03 0.13567E+00
  0.14694E+04 0.17224E+02 0.56434E-01 0.14570E-02 0.93243E-03 0.13535E+00
  0.14709E+04 0.17121E+02 0.56088E-01 0.00000E+00 0.88351E-03 0.13471E+00
  0.14725E+04 0.17007E+02 0.55616E-01 0.00000E+00 0.84000E-03 0.13377E+00
  0.14740E+04 0.16770E+02 0.54955E-01 0.00000E+00 0.80123E-03 0.13248E+00
  0.14755E+04 0.16494E+02 0.54149E-01 0.00000E+00 0.76658E-03 0.13086E+00
  0.14770E+04 0.16203E+02 0.53239E-01 0.00000E+00 0.73559E-03 0.12897E+00
  0.14785E+04 0.15864E+02 0.52239E-01 0.00000E+00 0.70792E-03 0.12686E+00
  0.14801E+04 0.15515E+02 0.51174E-01 0.00000E+00 0.68302E-03 0.12459E+00
  0.14816E+04 0.15155E+02 0.50090E-01 0.00000E+00 0.66040E-03 0.12223E+00
  0.14832E+04 0.14798E+02 0.49054E-01 0.00000E+00 0.63975E-03 0.11989E+00
  0.14847E+04 0.14489E+02 0.48098E-01 0.00000E+00 0.62102E-03 0.11766E+00
  0.14862E+04 0.14196E+02 0.47218E-01 0.00000E+00 0.60416E-03 0.11557E+00
  0.14878E+04 0.13946E+02 0.46455E-01 0.00000E+00 0.58881E-03 0.11368E+00
  0.14893E+04 0.13746E+02 0.45833E-01 0.00000E+00 0.57458E-03 0.11204E+00
  0.14909E+04 0.13599E+02 0.45339E-01 0.00000E+00 0.56120E-03 0.11065E+00
  0.14925E+04 0.13479E+02 0.44950E-01 0.00000E+00 0.54861E-03 0.10950E+00
  0.14940E+04 0.13370E+02 0.44645E-01 0.00000E+00 0.53675E-03 0.10855E+00
  0.14956E+04 0.13328E+02 0.44427E-01 0.00000E+00 0.52546E-03 0.10777E+00
  0.14971E+04 0.13271E+02 0.44230E-01 0.00000E+00 0.51462E-03 0.10711E+00
  0.14987E+04 0.13199E+02 0.44033E-01 0.00000E+00 0.50431E-03 0.10649E+00
  0.15003E+04 0.13153E+02 0.43853E-01 0.00000E+00 0.49458E-03 0.10591E+00
  0.15019E+04 0.13091E+02 0.43653E-01 0.00000E+00 0.48528E-03 0.10533E+00
  0.15034E+04 0.13010E+02 0.43417E-01 0.00000E+00 0.47631E-03 0.10471E+00
  0.15050E+04 0.12923E+02 0.43139E-01 0.00000E+00 0.46761E-03 0.10404E+00
  0.15066E+04 0.12797E+02 0.42805E-01 0.00000E+00 0.45915E-03 0.10330E+00
  0.15082E+04 0.12658E+02 0.42435E-01 0.00000E+00 0.45082E-03 0.10251E+00
  0.15098E+04 0.12526E+02 0.42080E-01 0.00000E+00 0.44260E-03 0.10174E+00
  0.15114E+04 0.12406E+02 0.41786E-01 0.00000E+00 0.43459E-03 0.10106E+00
  0.15130E+04 0.12336E+02 0.41579E-01 0.00000E+00 0.42673E-03 0.10056E+00
  0.15146E+04 0.12266E+02 0.41479E-01 0.00000E+00 0.41889E-03 0.10028E+00
  0.15162E+04 0.12270E+02 0.41542E-01 0.00000E+00 0.41097E-03 0.10031E+00
  0.15178E+04 0.12339E+02 0.41798E-01 0.00000E+00 0.40292E-03 0.10072E+00
  0.15194E+04 0.12457E+02 0.42250E-01 0.00000E+00 0.39481E-03 0.10155E+00
  0.15211E+04 0.12672E+02 0.42928E-01 0.00000E+00 0.38674E-03 0.10284E+00
  0.15227E+04 0.12935E+02 0.43814E-01 0.00000E+00 0.37875E-03 0.10461E+00
  0.15243E+04 0.13283E+02 0.44935E-01 0.00000E+00 0.37075E-03 0.10687E+00
  0.15259E+04 0.13722E+02 0.46279E-01 0.00000E+00 0.36271E-03 0.10961E+00
  0.15276E+04 0.14196E+02 0.47796E-01 0.00000E+00 0.35467E-03 0.11278E+00
  0.15292E+04 0.14729E+02 0.49479E-01 0.00000E+00 0.34675E-03 0.11635E+00
  0.15308E+04 0.15317E+02 0.51300E-01 0.00000E+00 0.33906E-03 0.12025E+00
  0.15325E+04 0.15933E+02 0.53214E-01 0.00000E+00 0.33164E-03 0.12441E+00
  0.15341E+04 0.16569E+02 0.55185E-01 0.00000E+00 0.32452E-03 0.12876E+00
  0.15358E+04 0.17200E+02 0.57175E-01 0.00000E+00 0.31780E-03 0.13322E+00
  0.15374E+04 0.17843E+02 0.59145E-01 0.00000E+00 0.31151E-03 0.13770E+00
  0.15391E+04 0.18432E+02 0.61044E-01 0.00000E+00 0.30559E-03 0.14212E+00
  0.15407E+04 0.18996E+02 0.62875E-01 0.00000E+00 0.29997E-03 0.14644E+00
  0.15424E+04 0.19583E+02 0.64648E-01 0.00000E+00 0.29462E-03 0.15064E+00
  0.15441E+04 0.20084E+02 0.66305E-01 0.00000E+00 0.28955E-03 0.15468E+00
  0.15457E+04 0.20560E+02 0.67869E-01 0.00000E+00 0.28477E-03 0.15854E+00
  0.15474E+04 0.21038E+02 0.69371E-01 0.00000E+00 0.28028E-03 0.16225E+00
  0.15491E+04 0.21450E+02 0.70785E-01 0.00000E+00 0.27604E-03 0.16581E+00
  0.15508E+04 0.21863E+02 0.72165E-01 0.00000E+00 0.27199E-03 0.16926E+00
  0.15525E+04 0.22289E+02 0.73532E-01 0.00000E+00 0.26814E-03 0.17267E+00
  0.15541E+04 0.22696E+02 0.74906E-01 0.00000E+00 0.26448E-03 0.17607E+00
  0.15558E+04 0.23119E+02 0.76313E-01 0.00000E+00 0.26094E-03 0.17952E+00
  0.15575E+04 0.23575E+02 0.77809E-01 0.00000E+00 0.25743E-03 0.18309E+00
  0.15592E+04 0.24066E+02 0.79385E-01 0.00000E+00 0.25389E-03 0.18682E+00
  0.15609E+04 0.24575E+02 0.81036E-01 0.00000E+00 0.25021E-03 0.19071E+00
  0.15626E+04 0.25106E+02 0.82782E-01 0.00000E+00 0.24635E-03 0.19478E+00
  0.15644E+04 0.25700E+02 0.84650E-01 0.00000E+00 0.24232E-03 0.19908E+00
  0.15661E+04 0.26325E+02 0.86626E-01 0.00000E+00 0.23824E-03 0.20362E+00
  0.15678E+04 0.26990E+02 0.88717E-01 0.00000E+00 0.23416E-03 0.20837E+00
  0.15695E+04 0.27695E+02 0.90895E-01 0.00000E+00 0.23014E-03 0.21331E+00
  0.15712E+04 0.28408E+02 0.93122E-01 0.00000E+00 0.22627E-03 0.21839E+00
  0.15730E+04 0.29131E+02 0.95355E-01 0.00000E+00 0.22257E-03 0.22351E+00
  0.15747E+04 0.29849E+02 0.97574E-01 0.00000E+00 0.21907E-03 0.22863E+00
  0.15764E+04 0.30565E+02 0.99753E-01 0.00000E+00 0.21578E-03 0.23366E+00
  0.15782E+04 0.31259E+02 0.10182E+00 0.00000E+00 0.21269E-03 0.23851E+00
  0.15799E+04 0.31874E+02 0.10372E+00 0.00000E+00 0.20989E-03 0.24306E+00
  0.15817E+04 0.32427E+02 0.10544E+00 0.00000E+00 0.20742E-03 0.24721E+00
  0.15834E+04 0.32934E+02 0.10693E+00 0.00000E+00 0.20528E-03 0.25091E+00
  0.15852E+04 0.33352E+02 0.10816E+00 0.00000E+00 0.20343E-03 0.25405E+00
  0.15870E+04 0.33664E+02 0.10907E+00 0.00000E+00 0.20193E-03 0.25654E+00
  0.15887E+04 0.33863E+02 0.10963E+00 0.00000E+00 0.20090E-03 0.25828E+00
  0.15905E+04 0.33934E+02 0.10981E+00 0.00000E+00 0.20045E-03 0.25922E+00
  0.15923E+04 0.33876E+02 0.10960E+00 0.00000E+00 0.20059E-03 0.25931E+00
  0.15940E+04 0.33697E+02 0.10900E+00 0.00000E+00 0.20130E-03 0.25853E+00
  0.15958E+04 0.33398E+02 0.10801E+00 0.00000E+00 0.20252E-03 0.25686E+00
  0.15976E+04 0.32964E+02 0.10664E+00 0.00000E+00 0.20414E-03 0.25430E+00
  0.15994E+04 0.32408E+02 0.10489E+00 0.00000E+00 0.20608E-03 0.25088E+00
  0.16012E+04 0.31745E+02 0.10278E+00 0.00000E+00 0.20822E-03 0.24659E+00
  0.16030E+04 0.30962E+02 0.10031E+00 0.00000E+00 0.21048E-03 0.24149E+00
  0.16048E+04 0.30073E+02 0.97520E-01 0.00000E+00 0.21272E-03 0.23560E+00
  0.16066E+04 0.29074E+02 0.94434E-01 0.00000E+00 0.21483E-03 0.22900E+00
  0.16084E+04 0.28019E+02 0.91125E-01 0.00000E+00 0.21671E-03 0.22178E+00
  0.16102E+04 0.26907E+02 0.87620E-01 0.00000E+00 0.21830E-03 0.21403E+00
  0.16120E+04 0.25725E+02 0.83926E-01 0.00000E+00 0.21956E-03 0.20581E+00
  0.16138E+04 0.24502E+02 0.80096E-01 0.00000E+00 0.22043E-03 0.19718E+00
  0.16157E+04 0.23243E+02 0.76158E-01 0.00000E+00 0.22087E-03 0.18825E+00
  0.16175E+04 0.21970E+02 0.72159E-01 0.00000E+00 0.22083E-03 0.17909E+00
  0.16193E+04 0.20681E+02 0.68139E-01 0.00000E+00 0.22026E-03 0.16979E+00
  0.16212E+04 0.19400E+02 0.64132E-01 0.00000E+00 0.21903E-03 0.16045E+00
  0.16230E+04 0.18151E+02 0.60179E-01 0.00000E+00 0.21705E-03 0.15113E+00
  0.16249E+04 0.16914E+02 0.56291E-01 0.00000E+00 0.21426E-03 0.14192E+00
  0.16267E+04 0.15709E+02 0.52511E-01 0.00000E+00 0.21059E-03 0.13287E+00
  0.16286E+04 0.14571E+02 0.48862E-01 0.00000E+00 0.20595E-03 0.12405E+00
  0.16304E+04 0.13444E+02 0.45329E-01 0.00000E+00 0.20029E-03 0.11548E+00
  0.16323E+04 0.12370E+02 0.41945E-01 0.00000E+00 0.19355E-03 0.10721E+00
  0.16342E+04 0.11367E+02 0.38728E-01 0.00000E+00 0.18574E-03 0.99275E-01
  0.16360E+04 0.10406E+02 0.35675E-01 0.00000E+00 0.17691E-03 0.91700E-01
  0.16379E+04 0.95016E+01 0.32789E-01 0.00000E+00 0.16712E-03 0.84501E-01
  0.16398E+04 0.86497E+01 0.30090E-01 0.00000E+00 0.15648E-03 0.77706E-01
  0.16417E+04 0.78851E+01 0.27595E-01 0.00000E+00 0.14515E-03 0.71345E-01
  0.16435E+04 0.71611E+01 0.25282E-01 0.00000E+00 0.13329E-03 0.65412E-01
  0.16454E+04 0.64994E+01 0.23145E-01 0.00000E+00 0.12110E-03 0.59894E-01
  0.16473E+04 0.59007E+01 0.21182E-01 0.00000E+00 0.10875E-03 0.54785E-01
  0.16492E+04 0.53432E+01 0.19378E-01 0.00000E+00 0.96403E-04 0.50069E-01
  0.16511E+04 0.48436E+01 0.17728E-01 0.00000E+00 0.84257E-04 0.45727E-01
  0.16531E+04 0.43929E+01 0.16231E-01 0.00000E+00 0.72463E-04 0.41751E-01
  0.16550E+04 0.39748E+01 0.14868E-01 0.00000E+00 0.00000E+00 0.38118E-01
  0.16569E+04 0.36147E+01 0.13639E-01 0.00000E+00 0.00000E+00 0.34806E-01
  0.16588E+04 0.32789E+01 0.12509E-01 0.00000E+00 0.00000E+00 0.31781E-01
  0.16607E+04 0.29631E+01 0.11471E-01 0.00000E+00 0.00000E+00 0.29007E-01
  0.16627E+04 0.26922E+01 0.10526E-01 0.00000E+00 0.00000E+00 0.26474E-01
  0.16646E+04 0.24279E+01 0.96593E-02 0.00000E+00 0.00000E+00 0.24164E-01
  0.16666E+04 0.22033E+01 0.88859E-02 0.00000E+00 0.00000E+00 0.22075E-01
  0.16685E+04 0.20116E+01 0.82031E-02 0.00000E+00 0.00000E+00 0.20204E-01
  0.16705E+04 0.18397E+01 0.75928E-02 0.00000E+00 0.00000E+00 0.18527E-01
  0.16724E+04 0.16819E+01 0.70284E-02 0.00000E+00 0.00000E+00 0.17006E-01
  0.16744E+04 0.15254E+01 0.65062E-02 0.00000E+00 0.00000E+00 0.15618E-01
  0.16763E+04 0.14049E+01 0.60469E-02 0.00000E+00 0.00000E+00 0.14369E-01
  0.16783E+04 0.12923E+01 0.56253E-02 0.00000E+00 0.00000E+00 0.13239E-01
  0.16803E+04 0.11791E+01 0.52288E-02 0.00000E+00 0.00000E+00 0.12202E-01
  0.16823E+04 0.10813E+01 0.48673E-02 0.00000E+00 0.00000E+00 0.11255E-01
  0.16842E+04 0.99164E+00 0.45350E-02 0.00000E+00 0.00000E+00 0.10391E-01
  0.16862E+04 0.90936E+00 0.42282E-02 0.00000E+00 0.00000E+00 0.96005E-02
  0.16882E+04 0.83398E+00 0.39448E-02 0.00000E+00 0.00000E+00 0.88768E-02
  0.16902E+04 0.76483E+00 0.36826E-02 0.00000E+00 0.00000E+00 0.82133E-02
  0.16922E+04 0.70136E+00 0.34403E-02 0.00000E+00 0.00000E+00 0.76050E-02
  0.16942E+04 0.64319E+00 0.32163E-02 0.00000E+00 0.00000E+00 0.70472E-02
  0.16962E+04 0.58984E+00 0.30089E-02 0.00000E+00 0.00000E+00 0.65355E-02
  0.16983E+04 0.54092E+00 0.28171E-02 0.00000E+00 0.00000E+00 0.60658E-02
  0.17003E+04 0.49606E+00 0.26397E-02 0.00000E+00 0.00000E+00 0.56347E-02
  0.17023E+04 0.45492E+00 0.24755E-02 0.00000E+00 0.00000E+00 0.52387E-02
  0.17043E+04 0.41719E+00 0.23234E-02 0.00000E+00 0.00000E+00 0.48749E-02
  0.17064E+04 0.38258E+00 0.21828E-02 0.00000E+00 0.00000E+00 0.45406E-02
  0.17084E+04 0.35085E+00 0.20526E-02 0.00000E+00 0.00000E+00 0.42332E-02
  0.17105E+04 0.32175E+00 0.19319E-02 0.00000E+00 0.00000E+00 0.39505E-02
  0.17125E+04 0.29506E+00 0.18203E-02 0.00000E+00 0.00000E+00 0.36904E-02
  0.17146E+04 0.27060E+00 0.17169E-02 0.00000E+00 0.00000E+00 0.34511E-02
  0.17166E+04 0.24815E+00 0.16212E-02 0.00000E+00 0.00000E+00 0.32307E-02
  0.17187E+04 0.22757E+00 0.15325E-02 0.00000E+00 0.00000E+00 0.30278E-02
  0.17208E+04 0.20869E+00 0.14503E-02 0.00000E+00 0.00000E+00 0.28409E-02
  0.17228E+04 0.19139E+00 0.13742E-02 0.00000E+00 0.00000E+00 0.26687E-02
  0.17249E+04 0.17551E+00 0.13037E-02 0.00000E+00 0.00000E+00 0.25099E-02
  0.17270E+04 0.16096E+00 0.12384E-02 0.00000E+00 0.00000E+00 0.23635E-02
