# Ca I 4227-A absolute cross sections recovered from Blouin et al. 2019, Fig. 5 vector paths
# T=4000 K; original profile calculation covers n_He=1e21--1e23 cm^-3
# helium_density_cm-3 wavelength_vacuum_angstrom cross_section_cm2
1.00000000e+21 3300.48215816 1.0022137992e-19
1.00000000e+21 3300.98360765 1.0073520389e-19
1.00000000e+21 3303.97300045 1.1087610040e-19
1.00000000e+21 3305.47733907 1.1235702786e-19
1.00000000e+21 3307.98457174 1.0920318404e-19
1.00000000e+21 3309.46962593 1.0882650976e-19
1.00000000e+21 3309.97107049 1.0942981412e-19
1.00000000e+21 3315.48698040 1.3021045465e-19
1.00000000e+21 3316.47059002 1.3120403041e-19
1.00000000e+21 3318.47637320 1.2711642950e-19
1.00000000e+21 3319.47926726 1.2838769522e-19
1.00000000e+21 3320.98360588 1.3116776698e-19
1.00000000e+21 3322.97010462 1.3770686197e-19
1.00000000e+21 3325.47733730 1.3343510731e-19
1.00000000e+21 3327.48312541 1.3454623523e-19
1.00000000e+21 3329.97106872 1.3264444887e-19
1.00000000e+21 3331.97685683 1.3523603895e-19
1.00000000e+21 3333.98264001 1.4068872839e-19
1.00000000e+21 3338.47637636 1.7145638593e-19
1.00000000e+21 3339.98071497 1.7188346275e-19
1.00000000e+21 3340.98360410 1.7269307275e-19
1.00000000e+21 3343.97299690 1.8380009949e-19
1.00000000e+21 3345.47734045 1.9251021875e-19
1.00000000e+21 3349.97107187 2.3916161496e-19
1.00000000e+21 3351.97685505 2.4249002538e-19
1.00000000e+21 3354.48408773 2.4121980910e-19
1.00000000e+21 3357.47348053 2.4890774414e-19
1.00000000e+21 3358.97781915 2.5528354144e-19
1.00000000e+21 3361.48505182 2.7268061159e-19
1.00000000e+21 3363.47155057 2.7877774574e-19
1.00000000e+21 3365.47733868 2.7800821011e-19
1.00000000e+21 3368.48601591 2.8925742605e-19
1.00000000e+21 3370.47251466 2.9170641247e-19
1.00000000e+21 3372.47830277 2.9744683783e-19
1.00000000e+21 3375.48698001 3.2711908010e-19
1.00000000e+21 3377.97492824 3.5505866410e-19
1.00000000e+21 3379.98071143 3.6733814781e-19
1.00000000e+21 3381.98649954 3.7690377971e-19
1.00000000e+21 3384.47444285 4.0025884672e-19
1.00000000e+21 3386.48023096 4.2260085846e-19
1.00000000e+21 3389.97106832 4.3776042670e-19
1.00000000e+21 3390.97396238 4.4360741659e-19
1.00000000e+21 3395.96914329 4.9918243930e-19
1.00000000e+21 3404.47444600 6.1307696463e-19
1.00000000e+21 3423.47155017 8.6145797505e-19
1.00000000e+21 3426.98167690 8.8989699379e-19
1.00000000e+21 3429.97106970 9.1673730195e-19
1.00000000e+21 3431.47540832 9.1800520427e-19
1.00000000e+21 3441.98649914 9.1547115079e-19
1.00000000e+21 3445.97878600 9.0153374640e-19
1.00000000e+21 3447.48312462 9.0140916640e-19
1.00000000e+21 3452.47830060 9.0929223003e-19
1.00000000e+21 3456.97203202 9.0165837546e-19
1.00000000e+21 3459.98071419 9.0427915411e-19
1.00000000e+21 3467.98457233 9.1902078209e-19
1.00000000e+21 3469.97107108 9.1243950541e-19
1.00000000e+21 3471.47540970 9.1080157152e-19
1.00000000e+21 3473.98264237 9.0979507646e-19
1.00000000e+21 3478.47637379 8.9718323036e-19
1.00000000e+21 3482.46866065 8.7538051529e-19
1.00000000e+21 3484.47444383 8.7429229962e-19
1.00000000e+21 3485.97878245 8.7695474995e-19
1.00000000e+21 3488.48601512 8.8266989929e-19
1.00000000e+21 3492.47830198 8.8780856054e-19
1.00000000e+21 3502.68080736 9.8029443125e-19
1.00000000e+21 3506.76952625 1.0241985383e-18
1.00000000e+21 3509.97106753 1.0602057511e-18
1.00000000e+21 3513.57762629 1.1116764106e-18
1.00000000e+21 3515.77627845 1.1436241385e-18
1.00000000e+21 3522.46865710 1.2533698198e-18
1.00000000e+21 3525.78591978 1.2750352801e-18
1.00000000e+21 3529.87463866 1.2854749704e-18
1.00000000e+21 3532.88331590 1.2778579973e-18
1.00000000e+21 3535.17840009 1.2590994160e-18
1.00000000e+21 3539.07424999 1.2183562899e-18
1.00000000e+21 3544.28157939 1.1682263633e-18
1.00000000e+21 3548.08100219 1.1333962005e-18
1.00000000e+21 3549.97106891 1.1302675836e-18
1.00000000e+21 3552.67116564 1.1475824920e-18
1.00000000e+21 3562.87367102 1.2762694480e-18
1.00000000e+21 3566.48022977 1.3694766165e-18
1.00000000e+21 3570.87752917 1.4891181902e-18
1.00000000e+21 3583.78013620 1.7772965341e-18
1.00000000e+21 3586.67309698 1.8065198591e-18
1.00000000e+21 3590.47251486 1.8266050812e-18
1.00000000e+21 3593.98264158 1.8115203639e-18
1.00000000e+21 3596.87560236 1.7802466829e-18
1.00000000e+21 3599.57569909 1.7343456501e-18
1.00000000e+21 3601.67791429 1.7058183168e-18
1.00000000e+21 3604.57087507 1.6886942452e-18
1.00000000e+21 3607.36740382 1.6868280684e-18
1.00000000e+21 3610.47251801 1.6968828639e-18
1.00000000e+21 3612.16972068 1.7110129828e-18
1.00000000e+21 3616.18129197 1.7592117861e-18
1.00000000e+21 3619.67212934 1.8481903690e-18
1.00000000e+21 3628.27386408 2.1816019177e-18
1.00000000e+21 3633.07618094 2.3836961490e-18
1.00000000e+21 3637.78206084 2.5265098717e-18
1.00000000e+21 3641.58148365 2.6091953276e-18
1.00000000e+21 3645.28447443 2.6576011225e-18
1.00000000e+21 3648.67887977 2.6882632114e-18
1.00000000e+21 3651.57184054 2.6723341352e-18
1.00000000e+21 3657.78206400 2.5887209328e-18
1.00000000e+21 3660.67502477 2.5556595847e-18
1.00000000e+21 3662.08293136 2.5528353243e-18
1.00000000e+21 3664.66730670 2.5698274614e-18
1.00000000e+21 3668.58245090 2.6178645653e-18
1.00000000e+21 3670.47251762 2.6469704680e-18
1.00000000e+21 3672.67116485 2.7020456406e-18
1.00000000e+21 3676.27772360 2.8663084438e-18
1.00000000e+21 3685.88235240 3.4835079304e-18
1.00000000e+21 3690.97396041 3.8341885109e-18
1.00000000e+21 3694.77338321 3.9640512305e-18
1.00000000e+21 3697.37704791 3.9931950892e-18
1.00000000e+21 3701.58148325 3.9766723339e-18
1.00000000e+21 3702.58437731 3.9552948619e-18
1.00000000e+21 3707.27097278 3.8098893516e-18
1.00000000e+21 3712.88331472 3.6450599688e-18
1.00000000e+21 3716.18129296 3.6324870723e-18
1.00000000e+21 3719.07425373 3.7039699744e-18
1.00000000e+21 3722.58437553 3.8913118294e-18
1.00000000e+21 3727.77242050 4.2990583896e-18
1.00000000e+21 3741.17646717 5.6788670691e-18
1.00000000e+21 3744.37801338 5.8010337492e-18
1.00000000e+21 3747.27097416 5.8170911964e-18
1.00000000e+21 3750.06750291 5.7706466539e-18
1.00000000e+21 3754.17550623 5.6195283744e-18
1.00000000e+21 3763.87656705 5.2559140411e-18
1.00000000e+21 3766.48023175 5.2755641135e-18
1.00000000e+21 3769.68177303 5.4346811434e-18
1.00000000e+21 3772.97974635 5.7475637274e-18
1.00000000e+21 3778.28350777 6.4971827901e-18
1.00000000e+21 3784.18515071 7.4375272494e-18
1.00000000e+21 3788.27386467 7.9542682958e-18
1.00000000e+21 3790.68466531 8.1602728180e-18
1.00000000e+21 3792.57473204 8.2567040822e-18
1.00000000e+21 3795.17839673 8.2726956473e-18
1.00000000e+21 3799.07425157 8.0940010323e-18
1.00000000e+21 3807.17454174 7.6777522436e-18
1.00000000e+21 3809.68177441 7.6671481208e-18
1.00000000e+21 3812.67116722 7.7835274608e-18
1.00000000e+21 3816.08485699 8.0750061068e-18
1.00000000e+21 3819.57569928 8.5457993312e-18
1.00000000e+21 3829.46962415 1.0120968592e-17
1.00000000e+21 3835.37126217 1.0733275674e-17
1.00000000e+21 3841.27290018 1.1220184602e-17
1.00000000e+21 3846.26808109 1.1434660644e-17
1.00000000e+21 3849.77820289 1.1488520484e-17
1.00000000e+21 3852.88331708 1.1480584061e-17
1.00000000e+21 3859.57569573 1.1491696670e-17
1.00000000e+21 3862.68080993 1.1711362719e-17
1.00000000e+21 3866.26807932 1.2286714547e-17
1.00000000e+21 3870.78110010 1.3385995002e-17
1.00000000e+21 3878.78495332 1.5521595938e-17
1.00000000e+21 3880.77145700 1.5800814060e-17
1.00000000e+21 3883.47155372 1.5897195872e-17
1.00000000e+21 3886.98167552 1.5588241015e-17
1.00000000e+21 3892.38186897 1.4938593789e-17
1.00000000e+21 3895.37126177 1.4973734536e-17
1.00000000e+21 3898.88138850 1.5648682579e-17
1.00000000e+21 3909.58534337 1.9144887185e-17
1.00000000e+21 3911.47541009 1.9459677671e-17
1.00000000e+21 3914.48408733 1.9719593453e-17
1.00000000e+21 3919.38283622 1.9804263472e-17
1.00000000e+21 3923.06653763 1.9905797748e-17
1.00000000e+21 3926.88524487 2.0244288610e-17
1.00000000e+21 3929.77820565 2.0754240405e-17
1.00000000e+21 3934.27193707 2.2058573716e-17
1.00000000e+21 3939.47926647 2.3610720037e-17
1.00000000e+21 3942.08293117 2.4058719403e-17
1.00000000e+21 3945.57376853 2.4215511043e-17
1.00000000e+21 3948.08100121 2.4309403828e-17
1.00000000e+21 3950.97396198 2.4798062903e-17
1.00000000e+21 3960.17357824 2.8012956219e-17
1.00000000e+21 3964.06942814 2.8203311889e-17
1.00000000e+21 3967.48312284 2.8211109148e-17
1.00000000e+21 3969.87463906 2.8446025969e-17
1.00000000e+21 3973.57762491 2.9499042211e-17
1.00000000e+21 3986.07521448 3.4599961906e-17
1.00000000e+21 3989.58534120 3.5227250100e-17
1.00000000e+21 3993.38476401 3.5437230411e-17
1.00000000e+21 3995.58341124 3.5609068486e-17
1.00000000e+21 3998.28350797 3.6214587765e-17
1.00000000e+21 4002.97010344 3.9253423894e-17
1.00000000e+21 4005.76663219 4.1034131629e-17
1.00000000e+21 4008.08100081 4.1911086407e-17
1.00000000e+21 4012.57473223 4.1783845073e-17
1.00000000e+21 4014.27193490 4.1812729863e-17
1.00000000e+21 4017.87849366 4.3396526919e-17
1.00000000e+21 4023.68369964 4.7292243256e-17
1.00000000e+21 4028.27386309 4.8799497969e-17
1.00000000e+21 4031.37897728 4.9691088415e-17
1.00000000e+21 4034.27193806 5.1119127509e-17
1.00000000e+21 4038.66923745 5.3868207660e-17
1.00000000e+21 4040.77145266 5.4648095270e-17
1.00000000e+21 4044.66730749 5.5515947715e-17
1.00000000e+21 4047.17454016 5.6561510665e-17
1.00000000e+21 4053.17261020 6.0207675262e-17
1.00000000e+21 4057.47347757 6.2834660126e-17
1.00000000e+21 4061.67791784 6.5967150837e-17
1.00000000e+21 4063.87656507 6.6996238492e-17
1.00000000e+21 4066.67309383 6.7994373625e-17
1.00000000e+21 4071.66826981 7.2327543570e-17
1.00000000e+21 4074.36836653 7.4498725976e-17
1.00000000e+21 4078.78495529 7.7000685550e-17
1.00000000e+21 4081.77434809 7.8951235851e-17
1.00000000e+21 4084.57087684 8.1377472728e-17
1.00000000e+21 4088.37029965 8.4483267112e-17
1.00000000e+21 4092.16971753 8.7792491417e-17
1.00000000e+21 4094.07907361 9.0178298990e-17
1.00000000e+21 4098.88138554 9.6270537279e-17
1.00000000e+21 4101.46576581 9.8600143567e-17
1.00000000e+21 4104.57087507 1.0175670132e-16
1.00000000e+21 4109.08389585 1.0641694617e-16
1.00000000e+21 4110.68466650 1.0858611806e-16
1.00000000e+21 4116.77916856 1.1743780146e-16
1.00000000e+21 4130.18322016 1.3801171731e-16
1.00000000e+21 4136.27772222 1.5065070796e-16
1.00000000e+21 4145.07232101 1.6996994734e-16
1.00000000e+21 4162.46865947 2.2970183341e-16
1.00000000e+21 4175.08196550 2.9462370936e-16
1.00000000e+21 4183.97299631 3.5505866410e-16
1.00000000e+21 4189.27675774 4.0437351923e-16
1.00000000e+21 4196.56701791 5.1203978751e-16
1.00000000e+21 4202.37222389 6.7070355604e-16
1.00000000e+21 4203.97299947 7.4354715937e-16
1.00000000e+21 4209.08389191 1.0938444742e-15
1.00000000e+21 4210.87753153 1.3093230112e-15
1.00000000e+21 4217.28061411 2.8865836124e-15
1.00000000e+21 4219.98071083 4.5146266011e-15
1.00000000e+21 4221.27290097 5.7483578711e-15
1.00000000e+21 4223.87656567 9.0190762156e-15
1.00000000e+21 4227.77242050 1.5096335436e-14
1.00000000e+21 4227.96528455 1.4874725651e-14
1.00000000e+21 4231.37897432 1.1050892270e-14
1.00000000e+21 4233.86692256 7.4149465216e-15
1.00000000e+21 4238.57280247 3.2495611300e-15
1.00000000e+21 4241.36933122 2.2477121234e-15
1.00000000e+21 4243.56798338 1.7195473849e-15
1.00000000e+21 4249.87463886 9.1876674180e-16
1.00000000e+21 4258.07135613 5.4504776986e-16
1.00000000e+21 4263.87656705 4.2067777684e-16
1.00000000e+21 4273.48119584 3.1175793902e-16
1.00000000e+21 4289.46962277 1.9692357748e-16
1.00000000e+21 4302.27579285 1.3039054347e-16
1.00000000e+21 4309.21889872 1.0144776616e-16
1.00000000e+21 4317.18418307 7.6512693914e-17
1.00000000e+21 4337.10703863 3.9552948619e-17
1.00000000e+21 4352.11186087 2.5765846361e-17
1.00000000e+21 4358.12921535 2.1504680914e-17
1.00000000e+21 4368.17743047 1.6579362105e-17
1.00000000e+21 4376.21986242 1.3224173795e-17
1.00000000e+21 4392.38186897 8.2612698188e-18
1.00000000e+21 4396.43201406 7.6428142403e-18
1.00000000e+21 4403.51012081 6.8107238033e-18
1.00000000e+21 4410.60752186 5.8122693830e-18
1.00000000e+21 4418.74638090 4.9444459717e-18
1.00000000e+21 4424.86017233 4.5440486040e-18
1.00000000e+21 4429.95178034 4.2441537979e-18
1.00000000e+21 4439.15139660 3.7003883215e-18
1.00000000e+21 4445.28447246 3.4035549916e-18
1.00000000e+21 4450.39536983 3.0926881613e-18
1.00000000e+21 4455.52555163 2.8394962079e-18
1.00000000e+21 4464.78302612 2.4956223780e-18
1.00000000e+21 4469.91320792 2.2733309279e-18
1.00000000e+21 4484.35872244 1.7618883504e-18
1.00000000e+21 4487.44454727 1.7088859637e-18
1.00000000e+21 4489.50819361 1.6789200347e-18
1.00000000e+21 4494.67694921 1.5453099537e-18
1.00000000e+21 4499.86499418 1.4268612935e-18
1.00000000e+21 4519.59498076 1.1237255626e-18
1.00000000e+21 4523.76084724 1.0783831831e-18
1.00000000e+21 4527.92670878 1.0478234518e-18
1.00000000e+21 4532.11185969 1.0208068348e-18
1.00000000e+21 4539.42140430 9.6124288349e-19
1.00000000e+21 4547.79170611 8.8584744084e-19
1.00000000e+21 4555.12053515 7.8385854312e-19
1.00000000e+21 4559.30568606 7.5514649621e-19
1.00000000e+21 4563.51012141 7.5975273911e-19
1.00000000e+21 4567.71455675 7.3020596917e-19
1.00000000e+21 4576.14271680 6.1801128254e-19
1.00000000e+21 4584.57087684 4.9677354311e-19
1.00000000e+21 4594.09835804 4.3103626037e-19
1.00000000e+21 4598.32208275 3.8837897146e-19
1.00000000e+21 4607.86884838 2.9114252831e-19
1.00000000e+21 4611.05110524 2.6345611822e-19
1.00000000e+21 4616.35486666 2.3448120979e-19
1.00000000e+21 4622.73866480 2.0739903100e-19
1.00000000e+21 4627.00096331 2.0261083115e-19
1.00000000e+21 4631.26325688 1.8543310479e-19
1.00000000e+21 4635.52555045 1.5752843062e-19
5.00000000e+21 3060.98360923 2.6280151189e-20
5.00000000e+21 3061.98649835 9.5027903345e-20
5.00000000e+21 3062.97010797 1.2938524625e-19
5.00000000e+21 3064.97589116 1.3184024966e-19
5.00000000e+21 3067.98457332 1.3833636867e-19
5.00000000e+21 3086.48023293 1.9853594164e-19
5.00000000e+21 3090.47251486 2.1005302271e-19
5.00000000e+21 3094.48409108 2.1909691394e-19
5.00000000e+21 3097.97492844 2.2446077765e-19
5.00000000e+21 3100.98360568 2.2723885454e-19
5.00000000e+21 3107.48312521 2.3049688576e-19
5.00000000e+21 3114.48408930 2.3470817542e-19
5.00000000e+21 3118.47637616 2.3886430492e-19
5.00000000e+21 3122.97010758 2.4627287015e-19
5.00000000e+21 3135.48698158 2.6968223460e-19
5.00000000e+21 3144.97589392 2.8379269102e-19
5.00000000e+21 3152.47830257 2.9519434629e-19
5.00000000e+21 3155.48697981 3.0292319549e-19
5.00000000e+21 3159.47926667 3.1846464580e-19
5.00000000e+21 3166.98168025 3.6054775001e-19
5.00000000e+21 3175.96914309 4.1593705555e-19
5.00000000e+21 3183.47155175 4.6066514286e-19
5.00000000e+21 3188.98746166 4.8792754526e-19
5.00000000e+21 3193.98264257 5.0746040645e-19
5.00000000e+21 3205.47733808 5.5339752027e-19
5.00000000e+21 3212.47830218 5.9168265557e-19
5.00000000e+21 3224.47444718 6.6406237870e-19
5.00000000e+21 3231.97685584 7.0083897050e-19
5.00000000e+21 3239.47926943 7.4057292693e-19
5.00000000e+21 3245.97878403 7.8831297456e-19
5.00000000e+21 3267.98457036 1.0033225359e-18
5.00000000e+21 3279.98071537 1.1362193514e-18
5.00000000e+21 3313.98264178 1.5663829691e-18
5.00000000e+21 3338.97782092 2.0149380469e-18
5.00000000e+21 3365.97878324 2.6953318043e-18
5.00000000e+21 3389.46962376 3.4633452872e-18
5.00000000e+21 3411.47541009 4.3588883533e-18
5.00000000e+21 3421.48505142 4.7666282963e-18
5.00000000e+21 3429.46962514 5.0550037052e-18
5.00000000e+21 3436.47058923 5.2668216739e-18
5.00000000e+21 3444.97589194 5.4829665530e-18
5.00000000e+21 3462.46865750 5.8866463686e-18
5.00000000e+21 3489.97106931 6.5821435397e-18
5.00000000e+21 3501.08003672 6.9890438079e-18
5.00000000e+21 3516.58630845 7.6947492452e-18
5.00000000e+21 3528.17743599 8.2293614414e-18
5.00000000e+21 3538.78495391 8.6551560648e-18
5.00000000e+21 3551.97685702 9.2220173028e-18
5.00000000e+21 3562.27579443 9.8287207900e-18
5.00000000e+21 3591.47540891 1.1984818066e-17
5.00000000e+21 3619.07425275 1.4074707343e-17
5.00000000e+21 3649.58534180 1.7437193335e-17
5.00000000e+21 3674.48408891 2.0325592176e-17
5.00000000e+21 3686.07521645 2.2162473807e-17
5.00000000e+21 3697.06846740 2.3926079770e-17
5.00000000e+21 3708.77531140 2.5606093802e-17
5.00000000e+21 3719.88427881 2.7381357771e-17
5.00000000e+21 3729.46962317 2.9340464693e-17
5.00000000e+21 3744.06942794 3.2644161369e-17
5.00000000e+21 3754.17550623 3.4671767433e-17
5.00000000e+21 3769.37319252 3.7909799641e-17
5.00000000e+21 3781.67791804 4.1444507151e-17
5.00000000e+21 3793.57762609 4.5052767707e-17
5.00000000e+21 3804.37801299 4.8023363520e-17
5.00000000e+21 3817.18418307 5.1930937318e-17
5.00000000e+21 3829.46962415 5.6584967296e-17
5.00000000e+21 3843.78013285 6.2264096623e-17
5.00000000e+21 3873.67406088 7.5514649621e-17
5.00000000e+21 3888.46672970 8.3185572059e-17
5.00000000e+21 3905.67019918 9.2923859240e-17
5.00000000e+21 3928.08100298 1.0757036991e-16
5.00000000e+21 3960.77145483 1.3325080879e-16
5.00000000e+21 4001.17646874 1.7451659095e-16
5.00000000e+21 4062.27579443 2.6671682756e-16
5.00000000e+21 4083.78013127 3.1296674362e-16
5.00000000e+21 4105.67020115 3.7270784847e-16
5.00000000e+21 4121.46576403 4.2653234634e-16
5.00000000e+21 4136.87559881 4.9165069472e-16
5.00000000e+21 4154.17550524 5.8793284758e-16
5.00000000e+21 4169.68177205 7.0657725097e-16
5.00000000e+21 4179.07425235 8.0227214238e-16
5.00000000e+21 4188.37029571 9.2962395704e-16
5.00000000e+21 4192.88331649 1.0113976892e-15
5.00000000e+21 4201.27290274 1.2193670288e-15
5.00000000e+21 4208.27386684 1.4658395147e-15
5.00000000e+21 4220.17357489 2.0013383365e-15
5.00000000e+21 4223.37512110 2.1244714178e-15
5.00000000e+21 4225.57376834 2.1867337239e-15
5.00000000e+21 4228.46672911 2.2405783682e-15
5.00000000e+21 4231.66827040 2.2474014401e-15
5.00000000e+21 4235.46769321 2.1791910285e-15
5.00000000e+21 4239.67212855 2.0305937084e-15
5.00000000e+21 4244.47444541 1.8102688776e-15
5.00000000e+21 4251.37897748 1.4827516468e-15
5.00000000e+21 4264.78302415 1.0012446464e-15
5.00000000e+21 4276.77916915 7.4128973687e-16
5.00000000e+21 4290.27965278 5.4716112824e-16
5.00000000e+21 4306.24879035 3.8214913332e-16
5.00000000e+21 4364.14657475 1.0019367976e-16
5.00000000e+21 4404.53230423 4.1951654161e-17
5.00000000e+21 4418.74638090 3.1723459486e-17
5.00000000e+21 4442.21793206 2.0745636247e-17
5.00000000e+21 4474.04050060 1.2220664625e-17
5.00000000e+21 4499.86499418 8.2304990778e-18
5.00000000e+21 4514.38765629 6.6996238492e-18
5.00000000e+21 4538.36065201 4.8981942671e-18
5.00000000e+21 4568.77530903 3.3281958771e-18
5.00000000e+21 4583.52940899 2.7204067769e-18
5.00000000e+21 4604.68659153 1.9933328653e-18
5.00000000e+21 4628.06171559 1.4080544267e-18
5.00000000e+21 4644.06942696 1.1294867797e-18
5.00000000e+21 4661.21504313 9.1673730195e-19
5.00000000e+21 4678.41851261 7.6333131947e-19
5.00000000e+21 4692.43972523 6.6977721424e-19
5.00000000e+21 4707.59883773 5.9184621486e-19
5.00000000e+21 4728.23529127 5.0760070204e-19
5.00000000e+21 4744.60944630 4.5340112136e-19
5.00000000e+21 4753.34618686 4.3127461190e-19
5.00000000e+21 4762.12150122 4.1335817620e-19
5.00000000e+21 4785.18803984 3.7014113534e-19
5.00000000e+21 4792.92188634 3.5261348248e-19
5.00000000e+21 4800.63644841 3.3397155498e-19
1.00000000e+22 2803.66441501 1.6243674602e-20
1.00000000e+22 2804.47444502 5.1666052993e-20
1.00000000e+22 2805.47733907 6.4810393163e-20
1.00000000e+22 2810.47251998 6.9457105666e-20
1.00000000e+22 2831.47541226 8.9892092448e-20
1.00000000e+22 2834.98553406 9.2220173028e-20
1.00000000e+22 2838.97782092 9.3697649126e-20
1.00000000e+22 2841.98649816 9.3982983146e-20
1.00000000e+22 2844.97589096 9.3568238676e-20
1.00000000e+22 2848.48601769 9.2207426168e-20
1.00000000e+22 2851.97685505 8.9979103324e-20
1.00000000e+22 2855.48698178 8.6947221471e-20
1.00000000e+22 2859.47926864 8.2681235960e-20
1.00000000e+22 2866.48023273 7.4252020967e-20
1.00000000e+22 2872.97975226 6.7507455806e-20
1.00000000e+22 2876.47058963 6.5187701437e-20
1.00000000e+22 2878.97782230 6.4284052677e-20
1.00000000e+22 2881.48505497 6.4159785885e-20
1.00000000e+22 2883.47155372 6.4568991695e-20
1.00000000e+22 2885.47733690 6.5413331482e-20
1.00000000e+22 2888.48601907 6.7470144236e-20
1.00000000e+22 2891.97685643 7.0784794442e-20
1.00000000e+22 2911.97685466 9.4360430427e-20
1.00000000e+22 2917.97492962 1.0017983433e-19
1.00000000e+22 2924.97589372 1.0587414486e-19
1.00000000e+22 2933.98264099 1.1354344359e-19
1.00000000e+22 2938.47637241 1.1902282250e-19
1.00000000e+22 2943.47155333 1.2748590871e-19
1.00000000e+22 2949.97107286 1.4298224681e-19
1.00000000e+22 2958.97782013 1.7148008220e-19
1.00000000e+22 2968.48601690 2.0560099544e-19
1.00000000e+22 2975.98843048 2.3212734069e-19
1.00000000e+22 2983.97299927 2.5908685156e-19
1.00000000e+22 3005.97878560 3.4719721780e-19
1.00000000e+22 3021.48505241 4.3836587546e-19
1.00000000e+22 3031.47540931 5.0487198344e-19
1.00000000e+22 3038.97782289 5.5164115546e-19
1.00000000e+22 3046.98167611 5.9710460092e-19
1.00000000e+22 3061.98649835 6.8116653256e-19
1.00000000e+22 3075.48698198 7.7139159216e-19
1.00000000e+22 3095.96914033 9.3090971525e-19
1.00000000e+22 3112.97975068 1.0711046968e-18
1.00000000e+22 3148.48601572 1.4337802625e-18
1.00000000e+22 3165.97878620 1.6708180989e-18
1.00000000e+22 3195.96914132 2.1749785352e-18
1.00000000e+22 3229.97107266 2.8782177260e-18
1.00000000e+22 3337.97492687 6.8342973285e-18
1.00000000e+22 3381.98649954 9.5581126272e-18
1.00000000e+22 3405.97878462 1.1348068779e-17
1.00000000e+22 3423.97299966 1.2769752360e-17
1.00000000e+22 3440.48216052 1.4070817239e-17
1.00000000e+22 3461.48505280 1.5741960233e-17
1.00000000e+22 3517.28061707 2.1133429675e-17
1.00000000e+22 3583.78013620 3.0603725469e-17
1.00000000e+22 3732.07328787 7.1029797350e-17
1.00000000e+22 3793.77049014 9.9544941383e-17
1.00000000e+22 3858.78495509 1.4047499682e-16
1.00000000e+22 3938.37994039 2.1115911333e-16
1.00000000e+22 4000.17357469 2.8706694076e-16
1.00000000e+22 4106.38379913 4.8590863377e-16
1.00000000e+22 4143.97299493 5.9348446414e-16
1.00000000e+22 4171.16682623 6.9476305747e-16
1.00000000e+22 4186.76952506 7.6671478500e-16
1.00000000e+22 4212.26614876 9.0103546604e-16
1.00000000e+22 4218.37994019 9.2641740739e-16
1.00000000e+22 4224.16586174 9.4256152676e-16
1.00000000e+22 4230.37608520 9.4595470682e-16
1.00000000e+22 4233.77049054 9.4151993487e-16
1.00000000e+22 4237.37704929 9.3181075459e-16
1.00000000e+22 4241.27289919 9.1559764190e-16
1.00000000e+22 4245.28447048 8.9334743277e-16
1.00000000e+22 4249.46962139 8.6491769678e-16
1.00000000e+22 4257.28061549 8.0205043098e-16
1.00000000e+22 4266.38379972 7.2177752608e-16
1.00000000e+22 4278.28350777 6.1809667347e-16
1.00000000e+22 4297.56991295 4.7012015410e-16
1.00000000e+22 4312.20829152 3.7648726319e-16
1.00000000e+22 4329.12246492 2.8734480665e-16
1.00000000e+22 4374.21407924 1.3434183521e-16
1.00000000e+22 4406.55737677 7.7299246617e-17
1.00000000e+22 4459.63355495 3.2531561942e-17
1.00000000e+22 4481.25361318 2.3338192809e-17
1.00000000e+22 4510.24107918 1.5276842871e-17
1.00000000e+22 4546.73095383 9.2705786401e-18
1.00000000e+22 4611.05110524 4.0532474581e-18
1.00000000e+22 4644.06942696 2.6986866346e-18
1.00000000e+22 4674.11764524 1.9155474473e-18
1.00000000e+22 4696.77916639 1.5142307753e-18
1.00000000e+22 4718.45708285 1.2337764863e-18
1.00000000e+22 4741.33075742 1.0156000016e-18
1.00000000e+22 4762.12150122 8.6671266614e-19
1.00000000e+22 4777.47347777 7.7824518806e-19
1.00000000e+22 4800.63644841 6.6940705004e-19
5.00000000e+22 2599.98071655 2.2774191573e-18
5.00000000e+22 2632.97974891 3.0192004459e-18
5.00000000e+22 2665.97878620 3.9492861945e-18
5.00000000e+22 2696.97203537 5.0243563131e-18
5.00000000e+22 2730.47251722 6.4381858071e-18
5.00000000e+22 2764.47444856 8.1839916336e-18
5.00000000e+22 2796.47058687 1.0153193002e-17
5.00000000e+22 2832.97975088 1.2836995375e-17
5.00000000e+22 2869.48890997 1.6045089259e-17
5.00000000e+22 2903.97300144 1.9610876127e-17
5.00000000e+22 2938.97782191 2.3800749683e-17
5.00000000e+22 2974.98553643 2.8762294149e-17
5.00000000e+22 3009.46962297 3.4162796038e-17
5.00000000e+22 3045.47733749 4.0510072163e-17
5.00000000e+22 3081.98650151 4.7705826540e-17
5.00000000e+22 3118.97782072 5.5792858991e-17
5.00000000e+22 3156.97203399 6.4908999361e-17
5.00000000e+22 3194.48408713 7.4694617605e-17
5.00000000e+22 3232.47830040 8.5339963058e-17
5.00000000e+22 3270.47251860 9.6657171659e-17
5.00000000e+22 3308.98746580 1.0869121994e-16
5.00000000e+22 3347.48312363 1.2118067492e-16
5.00000000e+22 3385.47733690 1.3378596523e-16
5.00000000e+22 3423.97299966 1.4664474131e-16
5.00000000e+22 3461.98649737 1.5923583193e-16
5.00000000e+22 3500.07714266 1.7152748457e-16
5.00000000e+22 3537.97492884 1.8319143288e-16
5.00000000e+22 3575.17839654 1.9384516497e-16
5.00000000e+22 3612.38186917 2.0342454130e-16
5.00000000e+22 3648.27386723 2.1142193923e-16
5.00000000e+22 3684.37801378 2.1800948381e-16
5.00000000e+22 3718.88138968 2.2276098367e-16
5.00000000e+22 3753.86692079 2.2582993562e-16
5.00000000e+22 3786.76952605 2.2698773279e-16
5.00000000e+22 3820.27000790 2.2639245028e-16
5.00000000e+22 3851.57184251 2.2411978121e-16
5.00000000e+22 3883.27868967 2.2015932530e-16
5.00000000e+22 3915.46769202 2.1445319583e-16
5.00000000e+22 3945.47733651 2.0762847398e-16
5.00000000e+22 3975.67984504 1.9938839542e-16
5.00000000e+22 4006.17164966 1.8978911541e-16
5.00000000e+22 4034.77338262 1.7975536711e-16
5.00000000e+22 4063.18225646 1.6893945041e-16
5.00000000e+22 4091.57184094 1.5741960233e-16
5.00000000e+22 4118.76566731 1.4591691372e-16
5.00000000e+22 4145.67020253 1.3424903009e-16
5.00000000e+22 4172.38186877 1.2254491817e-16
5.00000000e+22 4198.88138653 1.1096807843e-16
5.00000000e+22 4225.67020036 9.9476174414e-17
5.00000000e+22 4252.16971812 8.8474621338e-17
5.00000000e+22 4279.76856196 7.7545358922e-17
5.00000000e+22 4306.24879035 6.7713031398e-17
5.00000000e+22 4335.10125052 5.7826225147e-17
5.00000000e+22 4363.14368069 4.9124314586e-17
5.00000000e+22 4396.43201406 4.0014821931e-17
5.00000000e+22 4428.92960185 3.2396955186e-17
5.00000000e+22 4471.97685426 2.4145328882e-17
5.00000000e+22 4520.63644861 1.7058183168e-17
5.00000000e+22 4603.62583924 9.2398784843e-18
5.00000000e+22 4666.59594722 5.7970263179e-18
5.00000000e+22 4722.79652402 3.8709282791e-18
5.00000000e+22 4770.89681557 2.7881627445e-18
5.00000000e+22 4797.31918574 2.3490288749e-18
5.00000000e+22 4800.63644841 2.2998773909e-18
1.00000000e+23 2599.98071655 3.4276304366e-17
1.00000000e+23 2632.97974891 3.9832731036e-17
1.00000000e+23 2665.97878620 4.5850547830e-17
1.00000000e+23 2698.47637399 5.2189968553e-17
1.00000000e+23 2731.97685584 5.9111049132e-17
1.00000000e+23 2765.47733769 6.6360363557e-17
1.00000000e+23 2799.47926903 7.3975451948e-17
1.00000000e+23 2833.98264494 8.1873856177e-17
1.00000000e+23 2868.48601591 8.9842408823e-17
1.00000000e+23 2903.47155195 9.7907579349e-17
1.00000000e+23 2938.47637241 1.0580100185e-16
1.00000000e+23 2973.98264237 1.1352774938e-16
1.00000000e+23 3009.97107246 1.2094642189e-16
1.00000000e+23 3045.97878698 1.2782112365e-16
1.00000000e+23 3082.48794607 1.3410067617e-16
1.00000000e+23 3118.97782072 1.3958473690e-16
1.00000000e+23 3155.48697981 1.4415294688e-16
1.00000000e+23 3193.48119801 1.4788630837e-16
1.00000000e+23 3231.47541128 1.5048422911e-16
1.00000000e+23 3269.46962455 1.5192619152e-16
1.00000000e+23 3307.48312225 1.5217836965e-16
1.00000000e+23 3346.48022958 1.5121393964e-16
1.00000000e+23 3384.47444285 1.4911777294e-16
1.00000000e+23 3423.47155017 1.4585642558e-16
1.00000000e+23 3462.97010699 1.4146866317e-16
1.00000000e+23 3501.87078229 1.3621146954e-16
1.00000000e+23 3540.57859354 1.3017446583e-16
1.00000000e+23 3580.27000948 1.2329241771e-16
1.00000000e+23 3620.67502339 1.1569785879e-16
1.00000000e+23 3660.57859275 1.0779361140e-16
1.00000000e+23 3700.67502122 9.9586223678e-17
1.00000000e+23 3741.27289919 9.1180918006e-17
1.00000000e+23 3782.17936260 8.2738392742e-17
1.00000000e+23 3823.56798121 7.4375272494e-17
1.00000000e+23 3864.78302513 6.6332854651e-17
1.00000000e+23 3907.86885134 5.8348057713e-17
1.00000000e+23 3949.58533982 5.1104998710e-17
1.00000000e+23 3993.77049211 4.4012640701e-17
1.00000000e+23 4039.07424999 3.7420470249e-17
1.00000000e+23 4085.88235141 3.1344290893e-17
1.00000000e+23 4136.18129020 2.5645052362e-17
1.00000000e+23 4187.86885114 2.0642671446e-17
1.00000000e+23 4241.67791666 1.6293140294e-17
1.00000000e+23 4302.27579285 1.2336059947e-17
1.00000000e+23 4363.14368069 9.2283923991e-18
1.00000000e+23 4444.26229397 6.1835302625e-18
1.00000000e+23 4560.36643835 3.4299999262e-18
1.00000000e+23 4741.33075742 1.3683414027e-18
1.00000000e+23 4800.63644841 1.0206657728e-18
