  697    18       17     9.9767e-04     9.134e-02  
  0.82067E+03 0.24736E+00 0.23006E-03 0.25838E+01 0.23192E+00 0.24466E-01
  0.82114E+03 0.25822E+00 0.23738E-03 0.26932E+01 0.23221E+00 0.25270E-01
  0.82161E+03 0.26654E+00 0.24471E-03 0.23151E+01 0.23480E+00 0.26105E-01
  0.82209E+03 0.27702E+00 0.25233E-03 0.26653E+01 0.23421E+00 0.26988E-01
  0.82256E+03 0.28741E+00 0.26002E-03 0.25778E+01 0.23723E+00 0.27821E-01
  0.82303E+03 0.29895E+00 0.26725E-03 0.26260E+01 0.24004E+00 0.28615E-01
  0.82351E+03 0.31090E+00 0.27369E-03 0.26444E+01 0.24337E+00 0.29351E-01
  0.82398E+03 0.31241E+00 0.27909E-03 0.27658E+01 0.24808E+00 0.30108E-01
  0.82446E+03 0.32016E+00 0.28495E-03 0.27351E+01 0.25426E+00 0.30759E-01
  0.82494E+03 0.32778E+00 0.29045E-03 0.30239E+01 0.25774E+00 0.31399E-01
  0.82541E+03 0.33437E+00 0.29532E-03 0.27527E+01 0.26689E+00 0.31926E-01
  0.82589E+03 0.33710E+00 0.29919E-03 0.29474E+01 0.27288E+00 0.32491E-01
  0.82637E+03 0.34426E+00 0.30350E-03 0.30858E+01 0.27902E+00 0.32967E-01
  0.82685E+03 0.34649E+00 0.30686E-03 0.32818E+01 0.28551E+00 0.33394E-01
  0.82732E+03 0.35200E+00 0.30982E-03 0.31028E+01 0.29336E+00 0.33734E-01
  0.82780E+03 0.35518E+00 0.31229E-03 0.33819E+01 0.29743E+00 0.34034E-01
  0.82828E+03 0.35724E+00 0.31354E-03 0.35310E+01 0.30223E+00 0.34254E-01
  0.82876E+03 0.35654E+00 0.31472E-03 0.33535E+01 0.30927E+00 0.34357E-01
  0.82925E+03 0.35671E+00 0.31522E-03 0.35613E+01 0.31021E+00 0.34465E-01
  0.82973E+03 0.35633E+00 0.31561E-03 0.37068E+01 0.31032E+00 0.34459E-01
  0.83021E+03 0.35589E+00 0.31509E-03 0.33320E+01 0.31219E+00 0.34319E-01
  0.83069E+03 0.35559E+00 0.31409E-03 0.33845E+01 0.31213E+00 0.34162E-01
  0.83118E+03 0.35049E+00 0.31180E-03 0.34124E+01 0.31350E+00 0.33995E-01
  0.83166E+03 0.34576E+00 0.30981E-03 0.34175E+01 0.31477E+00 0.33778E-01
  0.83214E+03 0.34393E+00 0.30743E-03 0.36548E+01 0.31750E+00 0.33453E-01
  0.83263E+03 0.34057E+00 0.30420E-03 0.35679E+01 0.32167E+00 0.33056E-01
  0.83311E+03 0.33470E+00 0.29996E-03 0.36961E+01 0.32453E+00 0.32643E-01
  0.83360E+03 0.32461E+00 0.29540E-03 0.34889E+01 0.33095E+00 0.32180E-01
  0.83409E+03 0.31954E+00 0.29100E-03 0.36068E+01 0.33648E+00 0.31706E-01
  0.83457E+03 0.31190E+00 0.28637E-03 0.37737E+01 0.34278E+00 0.31233E-01
  0.83506E+03 0.30397E+00 0.28185E-03 0.38590E+01 0.35180E+00 0.30769E-01
  0.83555E+03 0.29500E+00 0.27771E-03 0.37964E+01 0.36276E+00 0.30345E-01
  0.83604E+03 0.29490E+00 0.27433E-03 0.42448E+01 0.37075E+00 0.29966E-01
  0.83653E+03 0.28754E+00 0.27012E-03 0.42557E+01 0.38041E+00 0.29626E-01
  0.83702E+03 0.28293E+00 0.26642E-03 0.42607E+01 0.39111E+00 0.29270E-01
  0.83751E+03 0.27966E+00 0.26300E-03 0.44744E+01 0.40206E+00 0.28912E-01
  0.83800E+03 0.27365E+00 0.25931E-03 0.44626E+01 0.41386E+00 0.28616E-01
  0.83849E+03 0.26485E+00 0.25575E-03 0.50632E+01 0.42034E+00 0.28394E-01
  0.83899E+03 0.26280E+00 0.25353E-03 0.48826E+01 0.42925E+00 0.28099E-01
  0.83948E+03 0.25975E+00 0.25175E-03 0.48929E+01 0.43671E+00 0.27855E-01
  0.83997E+03 0.25867E+00 0.25004E-03 0.48369E+01 0.44327E+00 0.27710E-01
  0.84047E+03 0.25623E+00 0.24888E-03 0.50572E+01 0.44794E+00 0.27668E-01
  0.84096E+03 0.25675E+00 0.24807E-03 0.52734E+01 0.45240E+00 0.27588E-01
  0.84146E+03 0.25569E+00 0.24757E-03 0.51545E+01 0.45808E+00 0.27537E-01
  0.84195E+03 0.25521E+00 0.24688E-03 0.49892E+01 0.46393E+00 0.27511E-01
  0.84245E+03 0.25114E+00 0.24730E-03 0.52343E+01 0.46558E+00 0.27609E-01
  0.84295E+03 0.25435E+00 0.24850E-03 0.51830E+01 0.47031E+00 0.27710E-01
  0.84344E+03 0.25404E+00 0.25074E-03 0.52152E+01 0.47366E+00 0.27958E-01
  0.84394E+03 0.26076E+00 0.25365E-03 0.51994E+01 0.47728E+00 0.28269E-01
  0.84444E+03 0.26803E+00 0.25710E-03 0.52859E+01 0.48262E+00 0.28595E-01
  0.84494E+03 0.27298E+00 0.25950E-03 0.53005E+01 0.48927E+00 0.28968E-01
  0.84544E+03 0.27608E+00 0.26177E-03 0.54743E+01 0.49605E+00 0.29346E-01
  0.84594E+03 0.28051E+00 0.26384E-03 0.56722E+01 0.50413E+00 0.29646E-01
  0.84644E+03 0.28232E+00 0.26578E-03 0.57563E+01 0.51390E+00 0.29882E-01
  0.84694E+03 0.28019E+00 0.26687E-03 0.57701E+01 0.52507E+00 0.30128E-01
  0.84745E+03 0.28326E+00 0.26833E-03 0.60244E+01 0.53427E+00 0.30376E-01
  0.84795E+03 0.28712E+00 0.26957E-03 0.62811E+01 0.54296E+00 0.30505E-01
  0.84845E+03 0.28810E+00 0.26971E-03 0.62171E+01 0.55201E+00 0.30535E-01
  0.84896E+03 0.28623E+00 0.26815E-03 0.61819E+01 0.55953E+00 0.30491E-01
  0.84946E+03 0.28064E+00 0.26626E-03 0.61409E+01 0.56604E+00 0.30349E-01
  0.84997E+03 0.27903E+00 0.26374E-03 0.63677E+01 0.57122E+00 0.30071E-01
  0.85047E+03 0.26945E+00 0.26004E-03 0.64579E+01 0.57634E+00 0.29759E-01
  0.85098E+03 0.26546E+00 0.25642E-03 0.65459E+01 0.58186E+00 0.29317E-01
  0.85149E+03 0.25670E+00 0.25249E-03 0.63557E+01 0.58580E+00 0.28902E-01
  0.85200E+03 0.24678E+00 0.24861E-03 0.64810E+01 0.58895E+00 0.28533E-01
  0.85250E+03 0.24148E+00 0.24607E-03 0.65176E+01 0.59187E+00 0.28183E-01
  0.85301E+03 0.23527E+00 0.24472E-03 0.66471E+01 0.59302E+00 0.28015E-01
  0.85352E+03 0.23105E+00 0.24478E-03 0.63217E+01 0.59883E+00 0.28008E-01
  0.85403E+03 0.23658E+00 0.24725E-03 0.63657E+01 0.60419E+00 0.28219E-01
  0.85454E+03 0.24426E+00 0.25091E-03 0.67973E+01 0.61130E+00 0.28626E-01
  0.85505E+03 0.24062E+00 0.25521E-03 0.67256E+01 0.62417E+00 0.29364E-01
  0.85557E+03 0.24964E+00 0.26325E-03 0.68823E+01 0.63750E+00 0.30318E-01
  0.85608E+03 0.26701E+00 0.27464E-03 0.71870E+01 0.65089E+00 0.31533E-01
  0.85659E+03 0.28338E+00 0.28724E-03 0.73640E+01 0.66542E+00 0.33029E-01
  0.85711E+03 0.30580E+00 0.30189E-03 0.74674E+01 0.67933E+00 0.34698E-01
  0.85762E+03 0.33010E+00 0.31751E-03 0.77948E+01 0.69015E+00 0.36512E-01
  0.85814E+03 0.35576E+00 0.33325E-03 0.78608E+01 0.70120E+00 0.38329E-01
  0.85865E+03 0.37485E+00 0.34873E-03 0.79443E+01 0.71121E+00 0.40207E-01
  0.85917E+03 0.39655E+00 0.36473E-03 0.82088E+01 0.71728E+00 0.42085E-01
  0.85969E+03 0.41677E+00 0.38127E-03 0.79717E+01 0.72424E+00 0.43916E-01
  0.86020E+03 0.44802E+00 0.39743E-03 0.82178E+01 0.72743E+00 0.45611E-01
  0.86072E+03 0.46993E+00 0.41126E-03 0.81055E+01 0.73066E+00 0.47170E-01
  0.86124E+03 0.48550E+00 0.42244E-03 0.81390E+01 0.73357E+00 0.48486E-01
  0.86176E+03 0.49984E+00 0.43068E-03 0.80901E+01 0.73672E+00 0.49523E-01
  0.86228E+03 0.51138E+00 0.43649E-03 0.82787E+01 0.74004E+00 0.50139E-01
  0.86280E+03 0.51092E+00 0.43779E-03 0.81605E+01 0.74586E+00 0.50427E-01
  0.86332E+03 0.50641E+00 0.43597E-03 0.81990E+01 0.75286E+00 0.50323E-01
  0.86384E+03 0.50320E+00 0.43127E-03 0.83566E+01 0.76047E+00 0.49781E-01
  0.86437E+03 0.48697E+00 0.42213E-03 0.82822E+01 0.77170E+00 0.48913E-01
  0.86489E+03 0.46594E+00 0.41015E-03 0.85908E+01 0.78402E+00 0.47762E-01
  0.86541E+03 0.44312E+00 0.39655E-03 0.88314E+01 0.79847E+00 0.46366E-01
  0.86594E+03 0.41393E+00 0.38209E-03 0.91249E+01 0.81463E+00 0.44810E-01
  0.86646E+03 0.39693E+00 0.36644E-03 0.90161E+01 0.83500E+00 0.43126E-01
  0.86699E+03 0.36670E+00 0.35020E-03 0.94332E+01 0.85175E+00 0.41542E-01
  0.86752E+03 0.33997E+00 0.33510E-03 0.99447E+01 0.86780E+00 0.39992E-01
  0.86804E+03 0.32210E+00 0.32197E-03 0.99808E+01 0.88385E+00 0.38492E-01
  0.86857E+03 0.30413E+00 0.31025E-03 0.99570E+01 0.89600E+00 0.37202E-01
  0.86910E+03 0.29194E+00 0.29996E-03 0.10302E+02 0.90123E+00 0.36088E-01
  0.86963E+03 0.28172E+00 0.29097E-03 0.10193E+02 0.90574E+00 0.35083E-01
  0.87016E+03 0.27131E+00 0.28295E-03 0.98087E+01 0.91026E+00 0.34149E-01
  0.87069E+03 0.26531E+00 0.27545E-03 0.99437E+01 0.90845E+00 0.33433E-01
  0.87122E+03 0.25413E+00 0.26870E-03 0.98392E+01 0.91183E+00 0.32746E-01
  0.87175E+03 0.24830E+00 0.26321E-03 0.98781E+01 0.91759E+00 0.32143E-01
  0.87228E+03 0.24035E+00 0.25775E-03 0.10027E+02 0.92346E+00 0.31752E-01
  0.87282E+03 0.23095E+00 0.25429E-03 0.10128E+02 0.93319E+00 0.31501E-01
  0.87335E+03 0.22187E+00 0.25314E-03 0.10389E+02 0.94661E+00 0.31526E-01
  0.87388E+03 0.21842E+00 0.25573E-03 0.10453E+02 0.96320E+00 0.31961E-01
  0.87442E+03 0.22191E+00 0.26338E-03 0.10780E+02 0.98135E+00 0.32939E-01
  0.87496E+03 0.23616E+00 0.27599E-03 0.11116E+02 0.10051E+01 0.34535E-01
  0.87549E+03 0.25913E+00 0.29522E-03 0.11578E+02 0.10281E+01 0.36798E-01
  0.87603E+03 0.28910E+00 0.32018E-03 0.11547E+02 0.10523E+01 0.39757E-01
  0.87657E+03 0.34292E+00 0.35081E-03 0.12049E+02 0.10747E+01 0.43202E-01
  0.87710E+03 0.39414E+00 0.38484E-03 0.12537E+02 0.10921E+01 0.47105E-01
  0.87764E+03 0.45321E+00 0.42029E-03 0.12594E+02 0.11041E+01 0.51236E-01
  0.87818E+03 0.51436E+00 0.45585E-03 0.12602E+02 0.11114E+01 0.55302E-01
  0.87872E+03 0.57948E+00 0.48926E-03 0.12429E+02 0.11163E+01 0.58986E-01
  0.87926E+03 0.62066E+00 0.51613E-03 0.12298E+02 0.11214E+01 0.62301E-01
  0.87981E+03 0.66425E+00 0.53684E-03 0.12728E+02 0.11222E+01 0.64883E-01
  0.88035E+03 0.68727E+00 0.55054E-03 0.12522E+02 0.11272E+01 0.66567E-01
  0.88089E+03 0.68966E+00 0.55500E-03 0.12534E+02 0.11342E+01 0.67337E-01
  0.88143E+03 0.68616E+00 0.55209E-03 0.12546E+02 0.11411E+01 0.67187E-01
  0.88198E+03 0.67252E+00 0.54082E-03 0.12522E+02 0.11535E+01 0.66105E-01
  0.88252E+03 0.64035E+00 0.52191E-03 0.12749E+02 0.11701E+01 0.64250E-01
  0.88307E+03 0.59517E+00 0.49638E-03 0.13116E+02 0.11875E+01 0.61758E-01
  0.88361E+03 0.54755E+00 0.46705E-03 0.13229E+02 0.12135E+01 0.58613E-01
  0.88416E+03 0.48422E+00 0.43398E-03 0.13629E+02 0.12420E+01 0.55254E-01
  0.88471E+03 0.42521E+00 0.40134E-03 0.14064E+02 0.12695E+01 0.51895E-01
  0.88526E+03 0.37159E+00 0.37210E-03 0.14853E+02 0.12966E+01 0.48635E-01
  0.88581E+03 0.31840E+00 0.34678E-03 0.14668E+02 0.13244E+01 0.45901E-01
  0.88636E+03 0.28432E+00 0.32875E-03 0.15745E+02 0.13367E+01 0.43923E-01
  0.88691E+03 0.26678E+00 0.32060E-03 0.14982E+02 0.13532E+01 0.42634E-01
  0.88746E+03 0.25716E+00 0.32028E-03 0.15357E+02 0.13589E+01 0.42460E-01
  0.88801E+03 0.26964E+00 0.32962E-03 0.15408E+02 0.13593E+01 0.43325E-01
  0.88856E+03 0.30191E+00 0.34811E-03 0.15021E+02 0.13612E+01 0.45124E-01
  0.88911E+03 0.33809E+00 0.37382E-03 0.14715E+02 0.13669E+01 0.47899E-01
  0.88967E+03 0.38950E+00 0.40654E-03 0.15106E+02 0.13730E+01 0.51532E-01
  0.89022E+03 0.46009E+00 0.44431E-03 0.14773E+02 0.13890E+01 0.55606E-01
  0.89078E+03 0.51656E+00 0.48198E-03 0.15417E+02 0.14087E+01 0.60118E-01
  0.89133E+03 0.58575E+00 0.51947E-03 0.15626E+02 0.14343E+01 0.64438E-01
  0.89189E+03 0.64673E+00 0.55226E-03 0.16173E+02 0.14629E+01 0.68388E-01
  0.89245E+03 0.69770E+00 0.57716E-03 0.16197E+02 0.14985E+01 0.71592E-01
  0.89300E+03 0.72932E+00 0.59395E-03 0.17374E+02 0.15239E+01 0.73912E-01
  0.89356E+03 0.73227E+00 0.60070E-03 0.17714E+02 0.15512E+01 0.75117E-01
  0.89412E+03 0.72266E+00 0.59956E-03 0.17610E+02 0.15764E+01 0.75265E-01
  0.89468E+03 0.69952E+00 0.59274E-03 0.17785E+02 0.15946E+01 0.74700E-01
  0.89524E+03 0.66015E+00 0.58315E-03 0.18166E+02 0.16092E+01 0.73800E-01
  0.89580E+03 0.62921E+00 0.57546E-03 0.17885E+02 0.16243E+01 0.72800E-01
  0.89637E+03 0.60234E+00 0.57246E-03 0.18495E+02 0.16323E+01 0.72223E-01
  0.89693E+03 0.59578E+00 0.57487E-03 0.17966E+02 0.16464E+01 0.72198E-01
  0.89749E+03 0.61360E+00 0.58373E-03 0.18179E+02 0.16602E+01 0.72803E-01
  0.89806E+03 0.64092E+00 0.59485E-03 0.18171E+02 0.16799E+01 0.73922E-01
  0.89862E+03 0.68700E+00 0.60406E-03 0.18824E+02 0.17023E+01 0.74952E-01
  0.89919E+03 0.71535E+00 0.60507E-03 0.18969E+02 0.17348E+01 0.75375E-01
  0.89975E+03 0.73138E+00 0.59255E-03 0.19605E+02 0.17712E+01 0.74631E-01
  0.90032E+03 0.70280E+00 0.56521E-03 0.20255E+02 0.18045E+01 0.72381E-01
  0.90089E+03 0.63861E+00 0.52322E-03 0.20624E+02 0.18409E+01 0.68481E-01
  0.90146E+03 0.53459E+00 0.47167E-03 0.21281E+02 0.18726E+01 0.63312E-01
  0.90203E+03 0.40564E+00 0.41837E-03 0.21442E+02 0.18978E+01 0.57828E-01
  0.90260E+03 0.27828E+00 0.37428E-03 0.21303E+02 0.19218E+01 0.52897E-01
  0.90317E+03 0.18896E+00 0.35073E-03 0.21815E+02 0.19354E+01 0.49731E-01
  0.90374E+03 0.15332E+00 0.35275E-03 0.21451E+02 0.19503E+01 0.49137E-01
  0.90431E+03 0.19072E+00 0.38376E-03 0.21832E+02 0.19604E+01 0.51562E-01
  0.90488E+03 0.28785E+00 0.43878E-03 0.21599E+02 0.19805E+01 0.56884E-01
  0.90546E+03 0.43574E+00 0.50932E-03 0.21538E+02 0.20072E+01 0.64455E-01
  0.90603E+03 0.60395E+00 0.58537E-03 0.22099E+02 0.20391E+01 0.73227E-01
  0.90661E+03 0.75926E+00 0.65466E-03 0.22969E+02 0.20813E+01 0.81790E-01
  0.90718E+03 0.88474E+00 0.71042E-03 0.24010E+02 0.21212E+01 0.89097E-01
  0.90776E+03 0.96082E+00 0.74612E-03 0.24023E+02 0.21639E+01 0.94340E-01
  0.90834E+03 0.10005E+01 0.76192E-03 0.24671E+02 0.21996E+01 0.96966E-01
  0.90891E+03 0.97897E+00 0.75540E-03 0.25145E+02 0.22280E+01 0.97212E-01
  0.90949E+03 0.92228E+00 0.73070E-03 0.24827E+02 0.22605E+01 0.95179E-01
  0.91007E+03 0.83700E+00 0.69451E-03 0.25396E+02 0.22815E+01 0.91485E-01
  0.91065E+03 0.73833E+00 0.65106E-03 0.25919E+02 0.22990E+01 0.86862E-01
  0.91123E+03 0.63599E+00 0.60770E-03 0.25451E+02 0.23256E+01 0.81997E-01
  0.91181E+03 0.53345E+00 0.57286E-03 0.25657E+02 0.23492E+01 0.78243E-01
  0.91240E+03 0.46959E+00 0.55561E-03 0.25990E+02 0.23806E+01 0.76104E-01
  0.91298E+03 0.45158E+00 0.55987E-03 0.26635E+02 0.24194E+01 0.76327E-01
  0.91356E+03 0.47914E+00 0.58661E-03 0.27173E+02 0.24661E+01 0.79176E-01
  0.91415E+03 0.57601E+00 0.63502E-03 0.27812E+02 0.25173E+01 0.84209E-01
  0.91473E+03 0.71219E+00 0.69478E-03 0.28503E+02 0.25700E+01 0.90739E-01
  0.91532E+03 0.85050E+00 0.75324E-03 0.29549E+02 0.26163E+01 0.97867E-01
  0.91591E+03 0.97897E+00 0.80231E-03 0.29556E+02 0.26623E+01 0.10422E+00
  0.91649E+03 0.10738E+01 0.83479E-03 0.30020E+02 0.27033E+01 0.10877E+00
  0.91708E+03 0.11204E+01 0.84193E-03 0.30106E+02 0.27442E+01 0.11073E+00
  0.91767E+03 0.11172E+01 0.82053E-03 0.31300E+02 0.27770E+01 0.10947E+00
  0.91826E+03 0.10455E+01 0.76829E-03 0.30899E+02 0.28170E+01 0.10467E+00
  0.91885E+03 0.90847E+00 0.68804E-03 0.32047E+02 0.28451E+01 0.96870E-01
  0.91944E+03 0.71219E+00 0.59033E-03 0.31749E+02 0.28845E+01 0.86878E-01
  0.92003E+03 0.47530E+00 0.49218E-03 0.31697E+02 0.29295E+01 0.76519E-01
  0.92063E+03 0.23758E+00 0.41422E-03 0.32611E+02 0.29758E+01 0.68249E-01
  0.92122E+03 0.70585E-01 0.37920E-03 0.33544E+02 0.30332E+01 0.63873E-01
  0.92182E+03 0.51693E-01 0.40043E-03 0.34315E+02 0.31013E+01 0.64657E-01
  0.92241E+03 0.17529E+00 0.47251E-03 0.35384E+02 0.31676E+01 0.70929E-01
  0.92301E+03 0.41994E+00 0.57618E-03 0.36248E+02 0.32290E+01 0.81405E-01
  0.92360E+03 0.74665E+00 0.68541E-03 0.36764E+02 0.32882E+01 0.93185E-01
  0.92420E+03 0.10289E+01 0.76685E-03 0.37354E+02 0.33356E+01 0.10352E+00
  0.92480E+03 0.11965E+01 0.79874E-03 0.37748E+02 0.33760E+01 0.10962E+00
  0.92540E+03 0.11852E+01 0.77501E-03 0.38134E+02 0.34138E+01 0.11033E+00
  0.92600E+03 0.10087E+01 0.71236E-03 0.37615E+02 0.34551E+01 0.10635E+00
  0.92660E+03 0.71231E+00 0.64078E-03 0.38216E+02 0.35019E+01 0.10053E+00
  0.92720E+03 0.44700E+00 0.60047E-03 0.39052E+02 0.35637E+01 0.96034E-01
  0.92780E+03 0.32616E+00 0.61649E-03 0.39086E+02 0.36460E+01 0.95784E-01
  0.92841E+03 0.43579E+00 0.68887E-03 0.41256E+02 0.37287E+01 0.10075E+00
  0.92901E+03 0.73816E+00 0.78844E-03 0.43313E+02 0.38152E+01 0.10921E+00
  0.92961E+03 0.10846E+01 0.87082E-03 0.43527E+02 0.39085E+01 0.11781E+00
  0.93022E+03 0.13262E+01 0.89804E-03 0.45370E+02 0.39778E+01 0.12359E+00
  0.93083E+03 0.13011E+01 0.86263E-03 0.45355E+02 0.40472E+01 0.12486E+00
  0.93143E+03 0.10782E+01 0.79503E-03 0.45403E+02 0.41074E+01 0.12201E+00
  0.93204E+03 0.79837E+00 0.73536E-03 0.46146E+02 0.41586E+01 0.11733E+00
  0.93265E+03 0.62297E+00 0.70981E-03 0.45996E+02 0.42235E+01 0.11297E+00
  0.93326E+03 0.62564E+00 0.71366E-03 0.46575E+02 0.43005E+01 0.11039E+00
  0.93387E+03 0.74644E+00 0.72237E-03 0.47537E+02 0.43886E+01 0.10929E+00
  0.93448E+03 0.85862E+00 0.70673E-03 0.49985E+02 0.44829E+01 0.10827E+00
  0.93509E+03 0.82288E+00 0.65977E-03 0.51443E+02 0.45899E+01 0.10623E+00
  0.93570E+03 0.66246E+00 0.60161E-03 0.51874E+02 0.46993E+01 0.10344E+00
  0.93632E+03 0.48363E+00 0.56307E-03 0.54190E+02 0.47886E+01 0.10101E+00
  0.93693E+03 0.38007E+00 0.56229E-03 0.54856E+02 0.48646E+01 0.10024E+00
  0.93754E+03 0.43705E+00 0.59552E-03 0.54865E+02 0.49387E+01 0.10175E+00
  0.93816E+03 0.58276E+00 0.64297E-03 0.54931E+02 0.50153E+01 0.10559E+00
  0.93878E+03 0.73574E+00 0.68438E-03 0.54870E+02 0.50998E+01 0.11073E+00
  0.93939E+03 0.82419E+00 0.70901E-03 0.56243E+02 0.52034E+01 0.11587E+00
  0.94001E+03 0.83896E+00 0.71976E-03 0.59099E+02 0.53193E+01 0.11998E+00
  0.94063E+03 0.85937E+00 0.72403E-03 0.60577E+02 0.54475E+01 0.12173E+00
  0.94125E+03 0.85758E+00 0.71476E-03 0.62651E+02 0.55683E+01 0.12138E+00
  0.94187E+03 0.75452E+00 0.69062E-03 0.63209E+02 0.56888E+01 0.12056E+00
  0.94249E+03 0.54753E+00 0.68248E-03 0.64982E+02 0.57955E+01 0.12246E+00
  0.94312E+03 0.40084E+00 0.73833E-03 0.65911E+02 0.58965E+01 0.12960E+00
  0.94374E+03 0.56868E+00 0.87939E-03 0.66237E+02 0.59992E+01 0.14171E+00
  0.94436E+03 0.11147E+01 0.10559E-02 0.67058E+02 0.61123E+01 0.15539E+00
  0.94499E+03 0.17493E+01 0.11660E-02 0.68361E+02 0.62320E+01 0.16563E+00
  0.94561E+03 0.19804E+01 0.11363E-02 0.70135E+02 0.63650E+01 0.16897E+00
  0.94624E+03 0.16053E+01 0.99181E-03 0.71924E+02 0.65146E+01 0.16525E+00
  0.94687E+03 0.92326E+00 0.84657E-03 0.74212E+02 0.66665E+01 0.15790E+00
  0.94749E+03 0.41187E+00 0.80002E-03 0.76482E+02 0.68107E+01 0.15215E+00
  0.94812E+03 0.38313E+00 0.87307E-03 0.78415E+02 0.69506E+01 0.15214E+00
  0.94875E+03 0.78633E+00 0.10011E-02 0.77676E+02 0.70982E+01 0.15847E+00
  0.94938E+03 0.13394E+01 0.11007E-02 0.79828E+02 0.72253E+01 0.16723E+00
  0.95001E+03 0.17209E+01 0.11097E-02 0.82192E+02 0.73617E+01 0.17188E+00
  0.95065E+03 0.15970E+01 0.10161E-02 0.81598E+02 0.75229E+01 0.17116E+00
  0.95128E+03 0.98183E+00 0.89996E-03 0.84740E+02 0.76765E+01 0.16976E+00
  0.95191E+03 0.36085E+00 0.89373E-03 0.86840E+02 0.78452E+01 0.17383E+00
  0.95255E+03 0.37738E+00 0.10681E-02 0.89358E+02 0.80152E+01 0.18596E+00
  0.95318E+03 0.12678E+01 0.13421E-02 0.90696E+02 0.81827E+01 0.20180E+00
  0.95382E+03 0.23784E+01 0.15166E-02 0.92873E+02 0.83504E+01 0.21406E+00
  0.95446E+03 0.27620E+01 0.14547E-02 0.93069E+02 0.85386E+01 0.21797E+00
  0.95510E+03 0.19656E+01 0.12202E-02 0.96576E+02 0.87144E+01 0.21625E+00
  0.95573E+03 0.91747E+00 0.10469E-02 0.97660E+02 0.89286E+01 0.21010E+00
  0.95637E+03 0.64792E+00 0.10628E-02 0.10174E+03 0.91314E+01 0.20184E+00
  0.95702E+03 0.10901E+01 0.11563E-02 0.10374E+03 0.93430E+01 0.19567E+00
  0.95766E+03 0.13275E+01 0.11745E-02 0.10543E+03 0.95597E+01 0.19756E+00
  0.95830E+03 0.11180E+01 0.11534E-02 0.10886E+03 0.97660E+01 0.20791E+00
  0.95894E+03 0.11017E+01 0.12195E-02 0.10850E+03 0.10007E+02 0.21948E+00
  0.95959E+03 0.16142E+01 0.13502E-02 0.11153E+03 0.10255E+02 0.22703E+00
  0.96023E+03 0.21232E+01 0.13889E-02 0.11603E+03 0.10514E+02 0.22932E+00
  0.96088E+03 0.20567E+01 0.12761E-02 0.11933E+03 0.10790E+02 0.22668E+00
  0.96152E+03 0.13531E+01 0.11012E-02 0.12296E+03 0.11069E+02 0.22276E+00
  0.96217E+03 0.61330E+00 0.10182E-02 0.12459E+03 0.11366E+02 0.22141E+00
  0.96282E+03 0.71793E+00 0.10960E-02 0.12716E+03 0.11676E+02 0.21992E+00
  0.96347E+03 0.16428E+01 0.11929E-02 0.13185E+03 0.11997E+02 0.21326E+00
  0.96412E+03 0.18366E+01 0.10853E-02 0.13491E+03 0.12360E+02 0.20765E+00
  0.96477E+03 0.71150E+00 0.84256E-03 0.14159E+03 0.12715E+02 0.21151E+00
  0.96542E+03 0.28896E-02 0.81010E-03 0.14544E+03 0.13088E+02 0.21686E+00
  0.96608E+03 0.89370E+00 0.10236E-02 0.14708E+03 0.13498E+02 0.21372E+00
  0.96673E+03 0.16506E+01 0.11026E-02 0.15233E+03 0.13906E+02 0.21402E+00
  0.96738E+03 0.11369E+01 0.95029E-03 0.15691E+03 0.14359E+02 0.22436E+00
  0.96804E+03 0.61844E+00 0.88623E-03 0.16322E+03 0.14833E+02 0.23336E+00
  0.96870E+03 0.90330E+00 0.99589E-03 0.16909E+03 0.15331E+02 0.23639E+00
  0.96935E+03 0.98211E+00 0.10842E-02 0.17396E+03 0.15863E+02 0.24660E+00
  0.97001E+03 0.84140E+00 0.11617E-02 0.17917E+03 0.16424E+02 0.26599E+00
  0.97067E+03 0.15798E+01 0.13473E-02 0.18611E+03 0.17020E+02 0.27990E+00
  0.97133E+03 0.19139E+01 0.14536E-02 0.19263E+03 0.17666E+02 0.29718E+00
  0.97199E+03 0.12341E+01 0.14449E-02 0.20178E+03 0.18338E+02 0.32641E+00
  0.97265E+03 0.20413E+01 0.16182E-02 0.21073E+03 0.19038E+02 0.33822E+00
  0.97332E+03 0.34670E+01 0.17236E-02 0.21765E+03 0.19785E+02 0.32683E+00
  0.97398E+03 0.22045E+01 0.13594E-02 0.22492E+03 0.20570E+02 0.32618E+00
  0.97464E+03 0.00000E+00 0.10478E-02 0.23548E+03 0.21371E+02 0.34452E+00
  0.97531E+03 0.00000E+00 0.13719E-02 0.24529E+03 0.22214E+02 0.35729E+00
  0.97598E+03 0.28692E+01 0.19033E-02 0.25565E+03 0.23101E+02 0.35478E+00
  0.97664E+03 0.31119E+01 0.18408E-02 0.26388E+03 0.24040E+02 0.37713E+00
  0.97731E+03 0.83275E+00 0.15550E-02 0.27515E+03 0.25004E+02 0.42320E+00
  0.97798E+03 0.22273E+01 0.18806E-02 0.28763E+03 0.26011E+02 0.43197E+00
  0.97865E+03 0.36413E+01 0.21111E-02 0.29832E+03 0.27079E+02 0.43009E+00
  0.97932E+03 0.22510E+01 0.17823E-02 0.31097E+03 0.28188E+02 0.44854E+00
  0.97999E+03 0.18317E+01 0.16710E-02 0.32419E+03 0.29349E+02 0.45593E+00
  0.98067E+03 0.18362E+01 0.17480E-02 0.33719E+03 0.30565E+02 0.45500E+00
  0.98134E+03 0.26191E+01 0.16970E-02 0.35212E+03 0.31820E+02 0.44354E+00
  0.98201E+03 0.17092E+01 0.14245E-02 0.36639E+03 0.33129E+02 0.44756E+00
  0.98269E+03 0.80161E-01 0.12459E-02 0.38127E+03 0.34485E+02 0.46312E+00
  0.98337E+03 0.23145E+01 0.15469E-02 0.39528E+03 0.35899E+02 0.44902E+00
  0.98404E+03 0.78294E+00 0.14341E-02 0.41075E+03 0.37373E+02 0.47927E+00
  0.98472E+03 0.40728E+00 0.13940E-02 0.43021E+03 0.38895E+02 0.51022E+00
  0.98540E+03 0.43053E+01 0.18814E-02 0.44578E+03 0.40521E+02 0.49761E+00
  0.98608E+03 0.21288E+00 0.15296E-02 0.46469E+03 0.42198E+02 0.55732E+00
  0.98676E+03 0.10753E+01 0.16335E-02 0.48534E+03 0.43937E+02 0.58555E+00
  0.98744E+03 0.41309E+01 0.22262E-02 0.50275E+03 0.45814E+02 0.58145E+00
  0.98813E+03 0.13127E+01 0.19081E-02 0.52267E+03 0.47796E+02 0.64170E+00
  0.98881E+03 0.18007E+01 0.20538E-02 0.54710E+03 0.49899E+02 0.67640E+00
  0.98950E+03 0.39812E+01 0.25431E-02 0.57144E+03 0.52154E+02 0.69304E+00
  0.99018E+03 0.26136E+01 0.23732E-02 0.59569E+03 0.54603E+02 0.73553E+00
  0.99087E+03 0.35809E+01 0.23890E-02 0.62176E+03 0.57275E+02 0.75884E+00
  0.99156E+03 0.25478E+01 0.23234E-02 0.65315E+03 0.60145E+02 0.78554E+00
  0.99225E+03 0.37176E+01 0.23236E-02 0.68886E+03 0.63287E+02 0.78648E+00
  0.99293E+03 0.28931E+01 0.19905E-02 0.72280E+03 0.66776E+02 0.80227E+00
  0.99363E+03 0.00000E+00 0.17163E-02 0.76401E+03 0.70578E+02 0.84382E+00
  0.99432E+03 0.43596E+01 0.20931E-02 0.80919E+03 0.74771E+02 0.83921E+00
  0.99501E+03 0.00000E+00 0.19007E-02 0.85743E+03 0.79421E+02 0.91465E+00
  0.99570E+03 0.48638E+01 0.20618E-02 0.91577E+03 0.84523E+02 0.93555E+00
  0.99640E+03 0.50551E+00 0.20133E-02 0.97365E+03 0.90166E+02 0.99862E+00
  0.99709E+03 0.48909E+01 0.18849E-02 0.10428E+04 0.96367E+02 0.10308E+01
  0.99779E+03 0.00000E+00 0.17599E-02 0.11137E+04 0.10323E+03 0.11453E+01
  0.99849E+03 0.28626E+01 0.23523E-02 0.11983E+04 0.11072E+03 0.12215E+01
  0.99919E+03 0.42468E+01 0.31195E-02 0.12864E+04 0.11898E+03 0.13027E+01
  0.99988E+03 0.38974E+01 0.28456E-02 0.13869E+04 0.12802E+03 0.14223E+01
  0.10006E+04 0.46630E+01 0.26156E-02 0.14946E+04 0.13790E+03 0.15115E+01
  0.10013E+04 0.38049E+01 0.26453E-02 0.16096E+04 0.14875E+03 0.15895E+01
  0.10020E+04 0.45067E+01 0.22246E-02 0.17414E+04 0.16061E+03 0.16582E+01
  0.10027E+04 0.91319E+00 0.20274E-02 0.18758E+04 0.17374E+03 0.17509E+01
  0.10034E+04 0.00000E+00 0.17938E-02 0.20280E+04 0.18828E+03 0.18822E+01
  0.10041E+04 0.22120E+01 0.22573E-02 0.22006E+04 0.20450E+03 0.20065E+01
  0.10048E+04 0.46546E+01 0.24414E-02 0.23868E+04 0.22274E+03 0.21945E+01
  0.10055E+04 0.52536E+01 0.25191E-02 0.25999E+04 0.24336E+03 0.24000E+01
  0.10062E+04 0.00000E+00 0.28160E-02 0.28476E+04 0.26679E+03 0.26829E+01
  0.10069E+04 0.48099E+01 0.33537E-02 0.31217E+04 0.29360E+03 0.29249E+01
  0.10076E+04 0.77230E+01 0.36810E-02 0.34451E+04 0.32441E+03 0.31830E+01
  0.10084E+04 0.56959E+00 0.26928E-02 0.38100E+04 0.36011E+03 0.35755E+01
  0.10091E+04 0.55015E+01 0.32246E-02 0.42324E+04 0.40171E+03 0.39486E+01
  0.10098E+04 0.15049E+01 0.42748E-02 0.47212E+04 0.45074E+03 0.44511E+01
  0.10105E+04 0.48700E+01 0.51708E-02 0.53097E+04 0.50894E+03 0.50920E+01
  0.10112E+04 0.61292E+01 0.68377E-02 0.59927E+04 0.57895E+03 0.59108E+01
  0.10119E+04 0.21062E+01 0.91162E-02 0.68371E+04 0.66392E+03 0.69610E+01
  0.10126E+04 0.13464E+02 0.12531E-01 0.78718E+04 0.76810E+03 0.81808E+01
  0.10134E+04 0.15080E+02 0.16046E-01 0.91756E+04 0.89665E+03 0.98089E+01
  0.10141E+04 0.13020E+02 0.21145E-01 0.10784E+05 0.10567E+04 0.11999E+02
  0.10148E+04 0.24728E+02 0.31050E-01 0.12836E+05 0.12573E+04 0.14820E+02
  0.10155E+04 0.36951E+02 0.45647E-01 0.15390E+05 0.15122E+04 0.18613E+02
  0.10162E+04 0.61564E+02 0.65192E-01 0.18605E+05 0.18421E+04 0.23774E+02
  0.10170E+04 0.82700E+02 0.94005E-01 0.22760E+05 0.22797E+04 0.30990E+02
  0.10177E+04 0.11212E+03 0.13748E+00 0.28220E+05 0.28790E+04 0.41356E+02
  0.10184E+04 0.18296E+03 0.20552E+00 0.35887E+05 0.37250E+04 0.56309E+02
  0.10191E+04 0.28358E+03 0.30643E+00 0.47344E+05 0.49511E+04 0.78472E+02
  0.10199E+04 0.45103E+03 0.45841E+00 0.65314E+05 0.67650E+04 0.11173E+03
  0.10206E+04 0.70384E+03 0.68967E+00 0.94598E+05 0.94836E+04 0.16186E+03
  0.10213E+04 0.12032E+04 0.10442E+01 0.14425E+06 0.13578E+05 0.23747E+03
  0.10221E+04 0.16208E+04 0.15600E+01 0.23137E+06 0.19694E+05 0.35368E+03
  0.10228E+04 0.40017E+04 0.23517E+01 0.39457E+06 0.28366E+05 0.51102E+03
  0.10235E+04 0.68342E+04 0.33018E+01 0.72905E+06 0.38781E+05 0.71224E+03
  0.10243E+04 0.12009E+05 0.42899E+01 0.14204E+07 0.46439E+05 0.91393E+03
  0.10250E+04 0.18312E+05 0.49160E+01 0.22350E+07 0.50469E+05 0.10132E+04
  0.10257E+04 0.29629E+05 0.47983E+01 0.10822E+07 0.56884E+05 0.89624E+03
  0.10265E+04 0.80684E+04 0.30301E+01 0.19903E+07 0.50621E+05 0.90426E+03
  0.10272E+04 0.21692E+04 0.22023E+01 0.14091E+07 0.43776E+05 0.77928E+03
  0.10279E+04 0.77491E+04 0.27974E+01 0.70279E+06 0.36861E+05 0.53711E+03
  0.10287E+04 0.57602E+04 0.21411E+01 0.39334E+06 0.27743E+05 0.42869E+03
  0.10294E+04 0.27279E+04 0.14616E+01 0.24513E+06 0.19974E+05 0.35627E+03
  0.10302E+04 0.23491E+04 0.11838E+01 0.17661E+06 0.14342E+05 0.27202E+03
  0.10309E+04 0.11860E+04 0.97280E+00 0.12401E+06 0.10501E+05 0.20251E+03
  0.10317E+04 0.74115E+03 0.67866E+00 0.80568E+05 0.78638E+04 0.15411E+03
  0.10324E+04 0.41388E+03 0.55375E+00 0.52834E+05 0.59611E+04 0.11824E+03
  0.10331E+04 0.00000E+00 0.49485E+00 0.42031E+05 0.46092E+04 0.94596E+02
  0.10339E+04 0.95797E+03 0.40697E+00 0.37499E+05 0.37076E+04 0.71699E+02
  0.10346E+04 0.00000E+00 0.26417E+00 0.32945E+05 0.31214E+04 0.66517E+02
  0.10354E+04 0.57324E+03 0.24510E+00 0.33279E+05 0.26199E+04 0.57061E+02
  0.10361E+04 0.00000E+00 0.31263E+00 0.28500E+05 0.21827E+04 0.52054E+02
  0.10369E+04 0.10657E+04 0.31148E+00 0.20414E+05 0.17864E+04 0.37811E+02
  0.10377E+04 0.12944E+03 0.18446E+00 0.11985E+05 0.14227E+04 0.38259E+02
  0.10384E+04 0.00000E+00 0.12694E+00 0.88921E+04 0.10914E+04 0.36417E+02
  0.10392E+04 0.38652E+03 0.25423E+00 0.61649E+04 0.84519E+03 0.28423E+02
  0.10399E+04 0.18992E+03 0.21284E+00 0.50782E+04 0.67257E+03 0.28707E+02
  0.10407E+04 0.65222E+03 0.20459E+00 0.45327E+04 0.55148E+03 0.22321E+02
  0.10414E+04 0.98772E+01 0.12368E+00 0.39543E+04 0.47058E+03 0.24824E+02
  0.10422E+04 0.00000E+00 0.11501E+00 0.39458E+04 0.40874E+03 0.23949E+02
  0.10430E+04 0.55752E+03 0.20814E+00 0.34100E+04 0.36777E+03 0.16988E+02
  0.10437E+04 0.00000E+00 0.13521E+00 0.33349E+04 0.33457E+03 0.22561E+02
  0.10445E+04 0.46408E+03 0.16070E+00 0.32224E+04 0.30796E+03 0.17874E+02
  0.10452E+04 0.23697E+03 0.14215E+00 0.28790E+04 0.28924E+03 0.16595E+02
  0.10460E+04 0.00000E+00 0.77490E-01 0.27899E+04 0.27212E+03 0.17879E+02
  0.10468E+04 0.11945E+03 0.11263E+00 0.27707E+04 0.25663E+03 0.15024E+02
  0.10475E+04 0.18485E+03 0.13788E+00 0.26568E+04 0.24337E+03 0.14295E+02
  0.10483E+04 0.94240E+02 0.11574E+00 0.25238E+04 0.23110E+03 0.15884E+02
  0.10491E+04 0.21702E+03 0.12450E+00 0.23334E+04 0.22062E+03 0.15050E+02
  0.10499E+04 0.22679E+03 0.11560E+00 0.22036E+04 0.21162E+03 0.13921E+02
  0.10506E+04 0.82549E+02 0.90830E-01 0.22037E+04 0.20351E+03 0.14110E+02
  0.10514E+04 0.31081E+02 0.92270E-01 0.21026E+04 0.19883E+03 0.13928E+02
  0.10522E+04 0.15384E+03 0.11339E+00 0.19465E+04 0.19839E+03 0.12821E+02
  0.10529E+04 0.15629E+03 0.11158E+00 0.20014E+04 0.20048E+03 0.12991E+02
  0.10537E+04 0.13944E+03 0.94473E-01 0.21835E+04 0.20543E+03 0.13253E+02
  0.10545E+04 0.13189E+03 0.99133E-01 0.23448E+04 0.21358E+03 0.12964E+02
  0.10553E+04 0.81020E+02 0.91346E-01 0.25111E+04 0.22307E+03 0.13208E+02
  0.10561E+04 0.94633E+02 0.99969E-01 0.26491E+04 0.23326E+03 0.13310E+02
  0.10568E+04 0.16427E+03 0.10639E+00 0.27331E+04 0.24461E+03 0.12867E+02
  0.10576E+04 0.16012E+03 0.95977E-01 0.29038E+04 0.25566E+03 0.12766E+02
  0.10584E+04 0.85598E+02 0.87228E-01 0.32046E+04 0.26413E+03 0.13128E+02
  0.10592E+04 0.84089E+02 0.86663E-01 0.34431E+04 0.26865E+03 0.12923E+02
  0.10600E+04 0.11695E+03 0.95664E-01 0.34893E+04 0.26726E+03 0.12483E+02
  0.10608E+04 0.12155E+03 0.96196E-01 0.33770E+04 0.25772E+03 0.12449E+02
  0.10616E+04 0.11218E+03 0.90432E-01 0.31028E+04 0.24009E+03 0.12575E+02
  0.10623E+04 0.10873E+03 0.94365E-01 0.26391E+04 0.21712E+03 0.12524E+02
  0.10631E+04 0.12577E+03 0.96567E-01 0.21107E+04 0.19161E+03 0.12275E+02
  0.10639E+04 0.12429E+03 0.96025E-01 0.16909E+04 0.16561E+03 0.12165E+02
  0.10647E+04 0.12010E+03 0.96481E-01 0.13936E+04 0.14141E+03 0.12036E+02
  0.10655E+04 0.12405E+03 0.95749E-01 0.11211E+04 0.12127E+03 0.11745E+02
  0.10663E+04 0.11505E+03 0.93716E-01 0.87819E+03 0.10597E+03 0.11582E+02
  0.10671E+04 0.10714E+03 0.93739E-01 0.75112E+03 0.94976E+02 0.11592E+02
  0.10679E+04 0.10972E+03 0.97479E-01 0.74166E+03 0.87910E+02 0.11712E+02
  0.10687E+04 0.12632E+03 0.10158E+00 0.75111E+03 0.85049E+02 0.11844E+02
  0.10695E+04 0.13843E+03 0.10272E+00 0.74212E+03 0.86468E+02 0.11960E+02
  0.10703E+04 0.13296E+03 0.10049E+00 0.78248E+03 0.91474E+02 0.12121E+02
  0.10711E+04 0.12106E+03 0.98990E-01 0.93904E+03 0.99028E+02 0.12338E+02
  0.10719E+04 0.11405E+03 0.10203E+00 0.11665E+04 0.10838E+03 0.12604E+02
  0.10727E+04 0.12971E+03 0.10662E+00 0.13659E+04 0.11896E+03 0.12800E+02
  0.10735E+04 0.14319E+03 0.10825E+00 0.14930E+04 0.13020E+03 0.12982E+02
  0.10743E+04 0.14121E+03 0.10686E+00 0.16076E+04 0.14133E+03 0.13207E+02
  0.10751E+04 0.13067E+03 0.10586E+00 0.17862E+04 0.15127E+03 0.13439E+02
  0.10759E+04 0.12473E+03 0.10740E+00 0.20161E+04 0.15857E+03 0.13645E+02
  0.10768E+04 0.13214E+03 0.11085E+00 0.22023E+04 0.16146E+03 0.13801E+02
  0.10776E+04 0.14654E+03 0.11393E+00 0.22346E+04 0.15835E+03 0.13872E+02
  0.10784E+04 0.14843E+03 0.11391E+00 0.20672E+04 0.14858E+03 0.13904E+02
  0.10792E+04 0.14405E+03 0.11296E+00 0.17383E+04 0.13296E+03 0.13861E+02
  0.10800E+04 0.13694E+03 0.11352E+00 0.13401E+04 0.11354E+03 0.13801E+02
  0.10808E+04 0.13867E+03 0.11586E+00 0.96196E+03 0.92956E+02 0.13752E+02
  0.10816E+04 0.14644E+03 0.11905E+00 0.65625E+03 0.73563E+02 0.13742E+02
  0.10825E+04 0.15254E+03 0.12087E+00 0.43987E+03 0.56827E+02 0.13800E+02
  0.10833E+04 0.15591E+03 0.12129E+00 0.29712E+03 0.43324E+02 0.13846E+02
  0.10841E+04 0.15913E+03 0.12097E+00 0.20453E+03 0.32906E+02 0.13749E+02
  0.10849E+04 0.15888E+03 0.11923E+00 0.14442E+03 0.25063E+02 0.13481E+02
  0.10858E+04 0.15155E+03 0.11551E+00 0.10417E+03 0.19228E+02 0.13092E+02
  0.10866E+04 0.14055E+03 0.11081E+00 0.74471E+02 0.14888E+02 0.12610E+02
  0.10874E+04 0.12988E+03 0.10651E+00 0.51300E+02 0.11643E+02 0.12104E+02
  0.10882E+04 0.12276E+03 0.10300E+00 0.35556E+02 0.91764E+01 0.11608E+02
  0.10891E+04 0.12203E+03 0.10011E+00 0.24647E+02 0.72745E+01 0.11112E+02
  0.10899E+04 0.11621E+03 0.96396E-01 0.17087E+02 0.57908E+01 0.10711E+02
  0.10907E+04 0.10747E+03 0.92837E-01 0.11847E+02 0.46235E+01 0.10378E+02
  0.10916E+04 0.10291E+03 0.90682E-01 0.82137E+01 0.37068E+01 0.10109E+02
  0.10924E+04 0.10080E+03 0.89735E-01 0.56957E+01 0.29945E+01 0.99698E+01
  0.10932E+04 0.10139E+03 0.90336E-01 0.39505E+01 0.24500E+01 0.99708E+01
  0.10941E+04 0.10311E+03 0.92168E-01 0.27407E+01 0.20399E+01 0.10128E+02
  0.10949E+04 0.10891E+03 0.94986E-01 0.19023E+01 0.17331E+01 0.10413E+02
  0.10958E+04 0.11478E+03 0.98420E-01 0.13209E+01 0.15020E+01 0.10802E+02
  0.10966E+04 0.12423E+03 0.10247E+00 0.91792E+00 0.13242E+01 0.11216E+02
  0.10974E+04 0.13230E+03 0.10594E+00 0.63851E+00 0.11827E+01 0.11616E+02
  0.10983E+04 0.13882E+03 0.10845E+00 0.44482E+00 0.10662E+01 0.11921E+02
  0.10991E+04 0.14253E+03 0.10946E+00 0.31057E+00 0.96757E+00 0.12090E+02
  0.11000E+04 0.14107E+03 0.10905E+00 0.21751E+00 0.88255E+00 0.12122E+02
  0.11008E+04 0.13699E+03 0.10774E+00 0.15294E+00 0.80847E+00 0.12028E+02
  0.11017E+04 0.13068E+03 0.10616E+00 0.10808E+00 0.74392E+00 0.11874E+02
  0.11025E+04 0.12471E+03 0.10487E+00 0.76903E-01 0.68831E+00 0.11725E+02
  0.11034E+04 0.12239E+03 0.10447E+00 0.55261E-01 0.64141E+00 0.11620E+02
  0.11042E+04 0.12095E+03 0.10485E+00 0.40284E-01 0.60273E+00 0.11623E+02
  0.11051E+04 0.12231E+03 0.10604E+00 0.29911E-01 0.57173E+00 0.11741E+02
  0.11059E+04 0.12544E+03 0.10828E+00 0.22706E-01 0.54796E+00 0.11958E+02
  0.11068E+04 0.13115E+03 0.11110E+00 0.17646E-01 0.53105E+00 0.12266E+02
  0.11076E+04 0.13447E+03 0.11444E+00 0.14049E-01 0.52037E+00 0.12684E+02
  0.11085E+04 0.14016E+03 0.11892E+00 0.11487E-01 0.51469E+00 0.13185E+02
  0.11094E+04 0.14479E+03 0.12444E+00 0.96871E-02 0.51239E+00 0.13808E+02
  0.11102E+04 0.15477E+03 0.13130E+00 0.84625E-02 0.51159E+00 0.14537E+02
  0.11111E+04 0.16593E+03 0.13910E+00 0.75923E-02 0.51044E+00 0.15383E+02
  0.11120E+04 0.18088E+03 0.14746E+00 0.69765E-02 0.50742E+00 0.16269E+02
  0.11128E+04 0.19715E+03 0.15536E+00 0.64969E-02 0.50142E+00 0.17123E+02
  0.11137E+04 0.20964E+03 0.16159E+00 0.61036E-02 0.49150E+00 0.17879E+02
  0.11146E+04 0.21893E+03 0.16605E+00 0.57858E-02 0.47669E+00 0.18441E+02
  0.11154E+04 0.22111E+03 0.16843E+00 0.55428E-02 0.45610E+00 0.18806E+02
  0.11163E+04 0.21952E+03 0.16941E+00 0.53712E-02 0.42932E+00 0.18988E+02
  0.11172E+04 0.21475E+03 0.16963E+00 0.52483E-02 0.39695E+00 0.19051E+02
  0.11180E+04 0.21135E+03 0.16988E+00 0.51237E-02 0.36053E+00 0.19053E+02
  0.11189E+04 0.21118E+03 0.17020E+00 0.49986E-02 0.32225E+00 0.19022E+02
  0.11198E+04 0.21218E+03 0.17019E+00 0.48673E-02 0.28444E+00 0.18968E+02
  0.11207E+04 0.21209E+03 0.16929E+00 0.47579E-02 0.24923E+00 0.18883E+02
  0.11216E+04 0.21049E+03 0.16764E+00 0.46801E-02 0.21825E+00 0.18748E+02
  0.11224E+04 0.20506E+03 0.16560E+00 0.46416E-02 0.19255E+00 0.18583E+02
  0.11233E+04 0.19855E+03 0.16385E+00 0.45989E-02 0.17239E+00 0.18438E+02
  0.11242E+04 0.19380E+03 0.16319E+00 0.45302E-02 0.15750E+00 0.18360E+02
  0.11251E+04 0.19221E+03 0.16395E+00 0.44313E-02 0.14730E+00 0.18397E+02
  0.11260E+04 0.19495E+03 0.16589E+00 0.43301E-02 0.14113E+00 0.18573E+02
  0.11269E+04 0.19993E+03 0.16875E+00 0.42401E-02 0.13830E+00 0.18868E+02
  0.11278E+04 0.20601E+03 0.17220E+00 0.41853E-02 0.13798E+00 0.19261E+02
  0.11286E+04 0.20990E+03 0.17598E+00 0.41513E-02 0.13919E+00 0.19761E+02
  0.11295E+04 0.21467E+03 0.18083E+00 0.41135E-02 0.14093E+00 0.20351E+02
  0.11304E+04 0.21945E+03 0.18711E+00 0.40532E-02 0.14232E+00 0.21081E+02
  0.11313E+04 0.22691E+03 0.19533E+00 0.39691E-02 0.14271E+00 0.22009E+02
  0.11322E+04 0.23595E+03 0.20618E+00 0.38825E-02 0.14165E+00 0.23220E+02
  0.11331E+04 0.24924E+03 0.22043E+00 0.38111E-02 0.13871E+00 0.24798E+02
  0.11340E+04 0.27138E+03 0.23883E+00 0.37606E-02 0.13355E+00 0.26784E+02
  0.11349E+04 0.30016E+03 0.26127E+00 0.37182E-02 0.12587E+00 0.29214E+02
  0.11358E+04 0.33822E+03 0.28721E+00 0.36702E-02 0.11569E+00 0.32027E+02
  0.11367E+04 0.38326E+03 0.31551E+00 0.36039E-02 0.10337E+00 0.35120E+02
  0.11376E+04 0.42829E+03 0.34447E+00 0.35402E-02 0.89666E-01 0.38384E+02
  0.11385E+04 0.47252E+03 0.37336E+00 0.34815E-02 0.75534E-01 0.41674E+02
  0.11395E+04 0.51025E+03 0.40172E+00 0.34398E-02 0.61921E-01 0.44945E+02
  0.11404E+04 0.54478E+03 0.43005E+00 0.34071E-02 0.49573E-01 0.48187E+02
  0.11413E+04 0.57704E+03 0.45939E+00 0.33729E-02 0.38937E-01 0.51463E+02
  0.11422E+04 0.61295E+03 0.49055E+00 0.33311E-02 0.30148E-01 0.54854E+02
  0.11431E+04 0.65384E+03 0.52401E+00 0.32740E-02 0.23113E-01 0.58432E+02
  0.11440E+04 0.70133E+03 0.55943E+00 0.32134E-02 0.17607E-01 0.62206E+02
  0.11449E+04 0.75635E+03 0.59584E+00 0.31597E-02 0.13354E-01 0.66075E+02
  0.11458E+04 0.81593E+03 0.63108E+00 0.31264E-02 0.10095E-01 0.69844E+02
  0.11468E+04 0.87427E+03 0.66218E+00 0.31090E-02 0.76105E-02 0.73225E+02
  0.11477E+04 0.92304E+03 0.68604E+00 0.30899E-02 0.57241E-02 0.75908E+02
  0.11486E+04 0.95569E+03 0.70011E+00 0.30529E-02 0.42993E-02 0.77593E+02
  0.11495E+04 0.96690E+03 0.70284E+00 0.29969E-02 0.32291E-02 0.78059E+02
  0.11505E+04 0.95531E+03 0.69374E+00 0.29349E-02 0.24299E-02 0.77197E+02
  0.11514E+04 0.92331E+03 0.67333E+00 0.28887E-02 0.18363E-02 0.75007E+02
  0.11523E+04 0.87309E+03 0.64278E+00 0.28593E-02 0.13972E-02 0.71611E+02
  0.11532E+04 0.80649E+03 0.60381E+00 0.28362E-02 0.10735E-02 0.67227E+02
  0.11542E+04 0.73134E+03 0.55893E+00 0.28097E-02 0.83544E-03 0.62091E+02
  0.11551E+04 0.65135E+03 0.51036E+00 0.27699E-02 0.66062E-03 0.56474E+02
  0.11560E+04 0.57073E+03 0.46011E+00 0.27223E-02 0.53232E-03 0.50634E+02
  0.11570E+04 0.49279E+03 0.40999E+00 0.26776E-02 0.43816E-03 0.44784E+02
  0.11579E+04 0.41833E+03 0.36142E+00 0.26428E-02 0.36898E-03 0.39120E+02
  0.11589E+04 0.34955E+03 0.31558E+00 0.26182E-02 0.31805E-03 0.33786E+02
  0.11598E+04 0.28823E+03 0.27376E+00 0.25959E-02 0.28045E-03 0.28880E+02
  0.11607E+04 0.23585E+03 0.23630E+00 0.25642E-02 0.25260E-03 0.24470E+02
  0.11617E+04 0.19070E+03 0.20344E+00 0.25270E-02 0.23187E-03 0.20598E+02
  0.11626E+04 0.15351E+03 0.17515E+00 0.24871E-02 0.21632E-03 0.17261E+02
  0.11636E+04 0.12398E+03 0.15126E+00 0.24559E-02 0.20453E-03 0.14427E+02
  0.11645E+04 0.10063E+03 0.13122E+00 0.24376E-02 0.19542E-03 0.12053E+02
  0.11655E+04 0.82279E+02 0.11447E+00 0.24240E-02 0.18824E-03 0.10081E+02
  0.11664E+04 0.68009E+02 0.10051E+00 0.24078E-02 0.18239E-03 0.84418E+01
  0.11674E+04 0.56460E+02 0.88758E-01 0.23813E-02 0.17749E-03 0.70797E+01
  0.11683E+04 0.46016E+02 0.78814E-01 0.23440E-02 0.17326E-03 0.59455E+01
  0.11693E+04 0.37728E+02 0.70450E-01 0.23037E-02 0.16952E-03 0.49905E+01
  0.11703E+04 0.31102E+02 0.63328E-01 0.22699E-02 0.16620E-03 0.41848E+01
  0.11712E+04 0.24827E+02 0.57215E-01 0.22494E-02 0.16318E-03 0.35114E+01
  0.11722E+04 0.19728E+02 0.52023E-01 0.22370E-02 0.16041E-03 0.29481E+01
  0.11731E+04 0.15874E+02 0.47709E-01 0.22220E-02 0.15782E-03 0.24776E+01
  0.11741E+04 0.12774E+02 0.44042E-01 0.21952E-02 0.15535E-03 0.20912E+01
  0.11751E+04 0.10280E+02 0.40924E-01 0.21605E-02 0.15296E-03 0.17753E+01
  0.11760E+04 0.82727E+01 0.38296E-01 0.21264E-02 0.15060E-03 0.15172E+01
  0.11770E+04 0.66576E+01 0.36060E-01 0.20998E-02 0.14827E-03 0.13064E+01
  0.11780E+04 0.53579E+01 0.34164E-01 0.20839E-02 0.14599E-03 0.11342E+01
  0.11789E+04 0.43120E+01 0.32561E-01 0.20666E-02 0.14380E-03 0.99369E+00
  0.11799E+04 0.34704E+01 0.31198E-01 0.20461E-02 0.14171E-03 0.87890E+00
  0.11809E+04 0.27930E+01 0.30036E-01 0.20191E-02 0.13972E-03 0.78494E+00
  0.11819E+04 0.22480E+01 0.29051E-01 0.19907E-02 0.13781E-03 0.70785E+00
  0.11828E+04 0.18094E+01 0.28203E-01 0.19664E-02 0.13596E-03 0.64448E+00
  0.11838E+04 0.14564E+01 0.27477E-01 0.19502E-02 0.13418E-03 0.59226E+00
  0.11848E+04 0.11723E+01 0.26851E-01 0.19421E-02 0.13238E-03 0.54912E+00
  0.11858E+04 0.94364E+00 0.26306E-01 0.19287E-02 0.13062E-03 0.51339E+00
  0.11868E+04 0.75963E+00 0.25826E-01 0.19088E-02 0.12886E-03 0.48367E+00
  0.11878E+04 0.61154E+00 0.25411E-01 0.18805E-02 0.12714E-03 0.45874E+00
  0.11888E+04 0.49235E+00 0.25047E-01 0.18543E-02 0.12544E-03 0.43749E+00
  0.11897E+04 0.39642E+00 0.24729E-01 0.18351E-02 0.12378E-03 0.41894E+00
  0.11907E+04 0.31921E+00 0.24458E-01 0.18218E-02 0.12218E-03 0.40220E+00
  0.11917E+04 0.25706E+00 0.24230E-01 0.18137E-02 0.12059E-03 0.38655E+00
  0.11927E+04 0.20703E+00 0.24041E-01 0.18025E-02 0.11901E-03 0.37139E+00
  0.11937E+04 0.16676E+00 0.23886E-01 0.17832E-02 0.11742E-03 0.35634E+00
  0.11947E+04 0.13434E+00 0.23768E-01 0.17591E-02 0.11579E-03 0.34118E+00
  0.11957E+04 0.10824E+00 0.23681E-01 0.17334E-02 0.11414E-03 0.32585E+00
  0.11967E+04 0.87223E-01 0.23621E-01 0.17130E-02 0.11249E-03 0.31045E+00
  0.11977E+04 0.70302E-01 0.23588E-01 0.16982E-02 0.11087E-03 0.29520E+00
  0.11987E+04 0.56676E-01 0.23572E-01 0.16872E-02 0.10929E-03 0.28032E+00
  0.11997E+04 0.45703E-01 0.23574E-01 0.16742E-02 0.10777E-03 0.26611E+00
  0.12007E+04 0.36865E-01 0.23591E-01 0.16549E-02 0.10632E-03 0.25277E+00
  0.12018E+04 0.29745E-01 0.23622E-01 0.16328E-02 0.10492E-03 0.24049E+00
  0.12028E+04 0.24009E-01 0.23660E-01 0.16135E-02 0.10355E-03 0.22939E+00
  0.12038E+04 0.19387E-01 0.23707E-01 0.16025E-02 0.10218E-03 0.21954E+00
  0.12048E+04 0.15662E-01 0.23763E-01 0.15938E-02 0.10084E-03 0.21094E+00
  0.12058E+04 0.12659E-01 0.23825E-01 0.15842E-02 0.99513E-04 0.20359E+00
  0.12068E+04 0.10238E-01 0.23893E-01 0.15686E-02 0.98211E-04 0.19738E+00
  0.12079E+04 0.82855E-02 0.23965E-01 0.15491E-02 0.96928E-04 0.19218E+00
  0.12089E+04 0.67104E-02 0.24038E-01 0.15294E-02 0.95683E-04 0.18777E+00
  0.12099E+04 0.54392E-02 0.24108E-01 0.15147E-02 0.00000E+00 0.18387E+00
  0.12109E+04 0.44127E-02 0.24174E-01 0.15067E-02 0.00000E+00 0.18014E+00
  0.12120E+04 0.35835E-02 0.24232E-01 0.15002E-02 0.00000E+00 0.17623E+00
  0.12130E+04 0.29135E-02 0.24280E-01 0.14908E-02 0.00000E+00 0.17176E+00
  0.12140E+04 0.23720E-02 0.24316E-01 0.14757E-02 0.00000E+00 0.16644E+00
  0.12150E+04 0.19339E-02 0.24340E-01 0.14566E-02 0.00000E+00 0.16006E+00
  0.12161E+04 0.15793E-02 0.24352E-01 0.14385E-02 0.00000E+00 0.15252E+00
  0.12171E+04 0.12919E-02 0.24349E-01 0.14243E-02 0.00000E+00 0.14385E+00
  0.12182E+04 0.10586E-02 0.24331E-01 0.14157E-02 0.00000E+00 0.13417E+00
  0.12192E+04 0.86919E-03 0.24296E-01 0.14082E-02 0.00000E+00 0.12370E+00
  0.12202E+04 0.71535E-03 0.24240E-01 0.13985E-02 0.00000E+00 0.11273E+00
  0.12213E+04 0.59033E-03 0.24162E-01 0.13843E-02 0.00000E+00 0.10155E+00
  0.12223E+04 0.48857E-03 0.24061E-01 0.13671E-02 0.00000E+00 0.90444E-01
  0.12234E+04 0.40549E-03 0.23938E-01 0.13516E-02 0.00000E+00 0.79677E-01
  0.12244E+04 0.33746E-03 0.23792E-01 0.13398E-02 0.00000E+00 0.69463E-01
  0.12255E+04 0.28163E-03 0.23626E-01 0.13337E-02 0.00000E+00 0.59965E-01
  0.12265E+04 0.23582E-03 0.23440E-01 0.13257E-02 0.00000E+00 0.51296E-01
  0.12276E+04 0.19827E-03 0.23240E-01 0.13154E-02 0.00000E+00 0.43519E-01
  0.12286E+04 0.16743E-03 0.23029E-01 0.13008E-02 0.00000E+00 0.36655E-01
  0.12297E+04 0.14201E-03 0.22815E-01 0.12872E-02 0.00000E+00 0.30685E-01
  0.12307E+04 0.12086E-03 0.22606E-01 0.12761E-02 0.00000E+00 0.25563E-01
  0.12318E+04 0.10315E-03 0.22411E-01 0.12698E-02 0.00000E+00 0.21216E-01
  0.12329E+04 0.88314E-04 0.22240E-01 0.12649E-02 0.00000E+00 0.17560E-01
  0.12339E+04 0.75934E-04 0.22102E-01 0.12575E-02 0.00000E+00 0.14505E-01
  0.12350E+04 0.65662E-04 0.22003E-01 0.12457E-02 0.00000E+00 0.11962E-01
  0.12361E+04 0.57108E-04 0.21947E-01 0.12309E-02 0.00000E+00 0.98506E-02
  0.12371E+04 0.49876E-04 0.21934E-01 0.12166E-02 0.00000E+00 0.80974E-02
  0.12382E+04 0.43638E-04 0.21960E-01 0.12069E-02 0.00000E+00 0.66422E-02
  0.12393E+04 0.38202E-04 0.22025E-01 0.12014E-02 0.00000E+00 0.54355E-02
  0.12404E+04 0.33512E-04 0.22119E-01 0.11967E-02 0.00000E+00 0.44370E-02
  0.12414E+04 0.29550E-04 0.22240E-01 0.11894E-02 0.00000E+00 0.36136E-02
  0.12425E+04 0.26249E-04 0.22381E-01 0.11769E-02 0.00000E+00 0.29372E-02
  0.12436E+04 0.23457E-04 0.22540E-01 0.11629E-02 0.00000E+00 0.23839E-02
  0.12447E+04 0.20994E-04 0.22714E-01 0.11503E-02 0.00000E+00 0.19327E-02
  0.12458E+04 0.18734E-04 0.22902E-01 0.11414E-02 0.00000E+00 0.15656E-02
  0.12469E+04 0.16663E-04 0.23106E-01 0.11360E-02 0.00000E+00 0.12676E-02
  0.12479E+04 0.14843E-04 0.23324E-01 0.11296E-02 0.00000E+00 0.10258E-02
  0.12490E+04 0.13328E-04 0.23560E-01 0.11214E-02 0.00000E+00 0.82980E-03
  0.12501E+04 0.12090E-04 0.23816E-01 0.11115E-02 0.00000E+00 0.67112E-03
  0.12512E+04 0.11022E-04 0.24092E-01 0.11005E-02 0.00000E+00 0.54272E-03
  0.12523E+04 0.10008E-04 0.24394E-01 0.10915E-02 0.00000E+00 0.43891E-03
  0.12534E+04 0.89968E-05 0.24721E-01 0.10858E-02 0.00000E+00 0.35503E-03
  0.12545E+04 0.80327E-05 0.25072E-01 0.10813E-02 0.00000E+00 0.28730E-03
  0.12556E+04 0.72030E-05 0.25445E-01 0.10759E-02 0.00000E+00 0.23262E-03
  0.12567E+04 0.65557E-05 0.25834E-01 0.10673E-02 0.00000E+00 0.18849E-03
  0.12578E+04 0.60533E-05 0.26229E-01 0.10554E-02 0.00000E+00 0.15290E-03
  0.12589E+04 0.55976E-05 0.26621E-01 0.10451E-02 0.00000E+00 0.12419E-03
  0.12601E+04 0.51044E-05 0.27000E-01 0.10374E-02 0.00000E+00 0.10104E-03
  0.12612E+04 0.45664E-05 0.27353E-01 0.10334E-02 0.00000E+00 0.00000E+00
  0.12623E+04 0.40524E-05 0.27675E-01 0.10297E-02 0.00000E+00 0.00000E+00
  0.12634E+04 0.36453E-05 0.27958E-01 0.10232E-02 0.00000E+00 0.00000E+00
  0.12645E+04 0.33708E-05 0.28197E-01 0.10132E-02 0.00000E+00 0.00000E+00
  0.12656E+04 0.31743E-05 0.28393E-01 0.10021E-02 0.00000E+00 0.00000E+00
  0.12668E+04 0.29645E-05 0.28545E-01 0.99228E-03 0.00000E+00 0.00000E+00
  0.12679E+04 0.26857E-05 0.28659E-01 0.98601E-03 0.00000E+00 0.00000E+00
  0.12690E+04 0.23604E-05 0.28742E-01 0.98173E-03 0.00000E+00 0.00000E+00
  0.12701E+04 0.20671E-05 0.28804E-01 0.97745E-03 0.00000E+00 0.00000E+00
  0.12713E+04 0.18733E-05 0.28857E-01 0.97109E-03 0.00000E+00 0.00000E+00
  0.12724E+04 0.17794E-05 0.28917E-01 0.96291E-03 0.00000E+00 0.00000E+00
  0.12735E+04 0.17181E-05 0.28997E-01 0.95350E-03 0.00000E+00 0.00000E+00
  0.12747E+04 0.16099E-05 0.29111E-01 0.94628E-03 0.00000E+00 0.00000E+00
  0.12758E+04 0.14263E-05 0.29272E-01 0.94131E-03 0.00000E+00 0.00000E+00
  0.12770E+04 0.12113E-05 0.29493E-01 0.93727E-03 0.00000E+00 0.00000E+00
  0.12781E+04 0.10429E-05 0.29779E-01 0.93251E-03 0.00000E+00 0.00000E+00
  0.12792E+04 0.96823E-06 0.30138E-01 0.92581E-03 0.00000E+00 0.00000E+00
  0.12804E+04 0.96462E-06 0.30576E-01 0.91746E-03 0.00000E+00 0.00000E+00
  0.12815E+04 0.95920E-06 0.31100E-01 0.90907E-03 0.00000E+00 0.00000E+00
  0.12827E+04 0.88874E-06 0.31714E-01 0.90378E-03 0.00000E+00 0.00000E+00
  0.12838E+04 0.75005E-06 0.32425E-01 0.90015E-03 0.00000E+00 0.00000E+00
  0.12850E+04 0.60107E-06 0.33237E-01 0.89637E-03 0.00000E+00 0.00000E+00
  0.12861E+04 0.51175E-06 0.34147E-01 0.89133E-03 0.00000E+00 0.00000E+00
  0.12873E+04 0.50650E-06 0.35155E-01 0.88363E-03 0.00000E+00 0.00000E+00
  0.12885E+04 0.54474E-06 0.36248E-01 0.87487E-03 0.00000E+00 0.00000E+00
  0.12896E+04 0.55510E-06 0.37410E-01 0.86707E-03 0.00000E+00 0.00000E+00
  0.12908E+04 0.49380E-06 0.38622E-01 0.86199E-03 0.00000E+00 0.00000E+00
  0.12920E+04 0.37946E-06 0.39858E-01 0.85916E-03 0.00000E+00 0.00000E+00
  0.12931E+04 0.27632E-06 0.41091E-01 0.85584E-03 0.00000E+00 0.00000E+00
  0.12943E+04 0.24080E-06 0.42296E-01 0.85035E-03 0.00000E+00 0.00000E+00
  0.12955E+04 0.27541E-06 0.43447E-01 0.84298E-03 0.00000E+00 0.00000E+00
  0.12967E+04 0.32764E-06 0.44521E-01 0.83514E-03 0.00000E+00 0.00000E+00
  0.12978E+04 0.33367E-06 0.45493E-01 0.82902E-03 0.00000E+00 0.00000E+00
  0.12990E+04 0.27042E-06 0.46342E-01 0.82489E-03 0.00000E+00 0.00000E+00
  0.13002E+04 0.17338E-06 0.47041E-01 0.82192E-03 0.00000E+00 0.00000E+00
  0.13014E+04 0.10636E-06 0.47569E-01 0.81835E-03 0.00000E+00 0.00000E+00
  0.13026E+04 0.10879E-06 0.47897E-01 0.81313E-03 0.00000E+00 0.00000E+00
  0.13038E+04 0.16395E-06 0.48001E-01 0.80653E-03 0.00000E+00 0.00000E+00
  0.13049E+04 0.21370E-06 0.47855E-01 0.79985E-03 0.00000E+00 0.00000E+00
  0.13061E+04 0.20643E-06 0.47438E-01 0.79516E-03 0.00000E+00 0.00000E+00
  0.13073E+04 0.13905E-06 0.46738E-01 0.79226E-03 0.00000E+00 0.00000E+00
  0.13085E+04 0.00000E+00 0.45747E-01 0.78917E-03 0.00000E+00 0.00000E+00
  0.13097E+04 0.00000E+00 0.44465E-01 0.78504E-03 0.00000E+00 0.00000E+00
  0.13109E+04 0.00000E+00 0.42908E-01 0.77911E-03 0.00000E+00 0.00000E+00
  0.13121E+04 0.11302E-06 0.41095E-01 0.77208E-03 0.00000E+00 0.00000E+00
  0.13133E+04 0.15081E-06 0.39058E-01 0.76615E-03 0.00000E+00 0.00000E+00
  0.13146E+04 0.12786E-06 0.36833E-01 0.76214E-03 0.00000E+00 0.00000E+00
  0.13158E+04 0.00000E+00 0.34464E-01 0.75944E-03 0.00000E+00 0.00000E+00
  0.13170E+04 0.00000E+00 0.31996E-01 0.75682E-03 0.00000E+00 0.00000E+00
  0.13182E+04 0.00000E+00 0.29477E-01 0.75257E-03 0.00000E+00 0.00000E+00
  0.13194E+04 0.00000E+00 0.26951E-01 0.74637E-03 0.00000E+00 0.00000E+00
  0.13206E+04 0.00000E+00 0.24462E-01 0.73965E-03 0.00000E+00 0.00000E+00
  0.13218E+04 0.11200E-06 0.22047E-01 0.73450E-03 0.00000E+00 0.00000E+00
  0.13231E+04 0.00000E+00 0.19738E-01 0.73109E-03 0.00000E+00 0.00000E+00
  0.13243E+04 0.00000E+00 0.17561E-01 0.72915E-03 0.00000E+00 0.00000E+00
  0.13255E+04 0.00000E+00 0.15532E-01 0.72645E-03 0.00000E+00 0.00000E+00
  0.13268E+04 0.00000E+00 0.13664E-01 0.72180E-03 0.00000E+00 0.00000E+00
  0.13280E+04 0.00000E+00 0.11961E-01 0.71603E-03 0.00000E+00 0.00000E+00
  0.13292E+04 0.00000E+00 0.10422E-01 0.71071E-03 0.00000E+00 0.00000E+00
  0.13305E+04 0.00000E+00 0.90442E-02 0.70651E-03 0.00000E+00 0.00000E+00
  0.13317E+04 0.00000E+00 0.78190E-02 0.70381E-03 0.00000E+00 0.00000E+00
  0.13330E+04 0.00000E+00 0.67365E-02 0.70152E-03 0.00000E+00 0.00000E+00
  0.13342E+04 0.00000E+00 0.57857E-02 0.69797E-03 0.00000E+00 0.00000E+00
  0.13354E+04 0.00000E+00 0.49547E-02 0.69304E-03 0.00000E+00 0.00000E+00
  0.13367E+04 0.00000E+00 0.42317E-02 0.68771E-03 0.00000E+00 0.00000E+00
  0.13379E+04 0.00000E+00 0.36052E-02 0.68308E-03 0.00000E+00 0.00000E+00
  0.13392E+04 0.00000E+00 0.30641E-02 0.67970E-03 0.00000E+00 0.00000E+00
  0.13405E+04 0.00000E+00 0.25984E-02 0.67722E-03 0.00000E+00 0.00000E+00
  0.13417E+04 0.00000E+00 0.21986E-02 0.67486E-03 0.00000E+00 0.00000E+00
  0.13430E+04 0.00000E+00 0.18565E-02 0.67127E-03 0.00000E+00 0.00000E+00
  0.13442E+04 0.00000E+00 0.15645E-02 0.66618E-03 0.00000E+00 0.00000E+00
  0.13455E+04 0.00000E+00 0.13158E-02 0.66074E-03 0.00000E+00 0.00000E+00
  0.13468E+04 0.00000E+00 0.11047E-02 0.65664E-03 0.00000E+00 0.00000E+00
  0.13480E+04 0.00000E+00 0.92587E-03 0.65395E-03 0.00000E+00 0.00000E+00
  0.13493E+04 0.00000E+00 0.77477E-03 0.65208E-03 0.00000E+00 0.00000E+00
  0.13506E+04 0.00000E+00 0.64740E-03 0.64982E-03 0.00000E+00 0.00000E+00
  0.13519E+04 0.00000E+00 0.54026E-03 0.64649E-03 0.00000E+00 0.00000E+00
  0.13532E+04 0.00000E+00 0.45031E-03 0.64134E-03 0.00000E+00 0.00000E+00
  0.13544E+04 0.00000E+00 0.37493E-03 0.63647E-03 0.00000E+00 0.00000E+00
  0.13557E+04 0.00000E+00 0.31184E-03 0.63317E-03 0.00000E+00 0.00000E+00
  0.13570E+04 0.00000E+00 0.25911E-03 0.63101E-03 0.00000E+00 0.00000E+00
  0.13583E+04 0.00000E+00 0.21510E-03 0.62881E-03 0.00000E+00 0.00000E+00
  0.13596E+04 0.00000E+00 0.17839E-03 0.62618E-03 0.00000E+00 0.00000E+00
  0.13609E+04 0.00000E+00 0.14783E-03 0.62252E-03 0.00000E+00 0.00000E+00
  0.13622E+04 0.00000E+00 0.12240E-03 0.61807E-03 0.00000E+00 0.00000E+00
  0.13635E+04 0.00000E+00 0.10126E-03 0.61393E-03 0.00000E+00 0.00000E+00
  0.13648E+04 0.00000E+00 0.83710E-04 0.61079E-03 0.00000E+00 0.00000E+00
  0.13661E+04 0.00000E+00 0.69155E-04 0.60886E-03 0.00000E+00 0.00000E+00
  0.13674E+04 0.00000E+00 0.57094E-04 0.60707E-03 0.00000E+00 0.00000E+00
